8.204696655520000992e-02,9.213851939999997964e-02,1.028253174799999975e-01,1.053707887199999971e-01,1.132971193199999865e-01,1.108216860000000303e-01,1.084693913999999759e-01,1.085563656400000132e-01,1.076712042399999986e-01,1.036772159200000237e-01,1.034680177199999856e-01,1.012228399600000051e-01,9.889175412000000831e-02,9.394409184000002133e-02,9.537170443999999636e-02,8.824615499999997892e-02,8.448440571999998872e-02,8.536636355999999148e-02,8.163040187999998087e-02,7.947235160000000465e-02,7.891998319999998790e-02,7.512191772000000045e-02,7.885803199999999458e-02,7.337829500000001004e-02,6.834838895999999220e-02,6.620300284000001090e-02,6.458923291600000838e-02,6.216064433600001354e-02,6.001235987599999600e-02,5.760147135600000162e-02,5.316055300000000622e-02,5.653472889920000549e-02,5.618026703799999105e-02,6.040176411440000004e-02,6.376190168800000002e-02,6.840957644400000315e-02,7.348403931999998584e-02,7.796325667999999542e-02,8.450241084000000014e-02,9.333923340000001290e-02,1.059466553199999717e-01,1.184817504000000160e-01,1.348023987799999990e-01,1.264533998800000114e-01,9.521148680799999819e-02,8.543258607999999754e-02,4.444198691599998696e-02,2.103363095600000593e-02
1.032687375199999869e-01,1.118972778799999929e-01,1.241394050400000115e-01,1.301805113600000285e-01,1.373509221199999963e-01,1.361463942799999993e-01,1.361692814400000395e-01,1.354898063999999680e-01,1.335585017999999791e-01,1.271890250399999589e-01,1.276228331200000010e-01,1.250871275600000110e-01,1.219731138400000081e-01,1.160414124400000052e-01,1.166671747199999887e-01,1.094342045599999841e-01,1.061453244800000251e-01,1.070512400799999847e-01,1.030088809200000038e-01,1.001264957599999755e-01,9.874679612000000772e-02,9.561736971999999779e-02,9.779785103999999452e-02,9.056381279999997647e-02,8.409515415999999077e-02,8.094665536000000827e-02,7.779602090000001247e-02,7.361511257199999936e-02,6.973419179120000921e-02,6.704482991599998443e-02,6.327835093199998817e-02,6.738250681639999795e-02,6.612197877999999307e-02,6.929046652399999118e-02,7.187149073599999327e-02,7.541290265600002207e-02,8.070022590399998641e-02,8.360473632800000110e-02,8.979080212000001282e-02,9.956893840000001494e-02,1.123500060400000194e-01,1.238540647599999933e-01,1.370645140840000276e-01,1.335983272800000121e-01,1.167337035720000110e-01,1.126365662400000134e-01,7.559188848399998883e-02,5.645599352799999388e-02
1.078909303600000119e-01,1.216932684400000020e-01,1.320449831199999868e-01,1.398516839199999973e-01,1.521681213599999916e-01,1.546510319600000183e-01,1.589482112000000502e-01,1.580360412000000048e-01,1.557489016000000170e-01,1.497718810400000267e-01,1.506073006000000214e-01,1.463424680399999789e-01,1.418408199199999720e-01,1.341629033599999743e-01,1.340150456400000245e-01,1.267201233199999888e-01,1.235816949999999775e-01,1.242658993999999906e-01,1.200541685200000180e-01,1.179071045199999862e-01,1.173977655200000025e-01,1.140780639200000002e-01,1.146205138000000179e-01,1.067256162400000152e-01,1.000605775200000269e-01,9.582885796000001344e-02,9.111404343199999700e-02,8.631988584400002162e-02,8.171691906400001260e-02,7.837036083599999148e-02,7.370407081199999155e-02,7.579544057159999515e-02,7.384078984799999357e-02,7.606170695199998555e-02,7.694335881599999316e-02,8.062866230800000422e-02,8.514801029599997073e-02,8.798202520000002191e-02,9.653533932000002427e-02,1.065267948799999975e-01,1.199557501199999821e-01,1.294406128759999497e-01,1.384466551680000046e-01,1.391365055200000089e-01,1.239030467111999767e-01,1.249893183120000251e-01,8.856140155200002695e-02,7.490692184160001321e-02
1.167149348800000236e-01,1.295672607599999970e-01,1.442425537199999996e-01,1.516340645199999726e-01,1.664004510399999803e-01,1.713845836000000011e-01,1.746530159999999943e-01,1.747383116000000292e-01,1.713685607999999860e-01,1.663363649999999860e-01,1.666481010000000484e-01,1.622364816000000376e-01,1.572732547999999841e-01,1.496087644000000105e-01,1.483016963999999882e-01,1.410852060399999941e-01,1.366929627199999775e-01,1.375994871600000058e-01,1.332766722800000359e-01,1.310748288399999906e-01,1.300807191999999723e-01,1.276972962400000078e-01,1.277577209200000119e-01,1.185742189199999741e-01,1.110458371599999661e-01,1.060910033400000035e-01,1.015153495719999938e-01,9.557785016399998612e-02,9.037811331160001960e-02,8.729339611999999138e-02,8.225875918439998213e-02,8.317077619600000971e-02,8.084289539200001373e-02,8.311553953200000178e-02,8.374511687999999787e-02,8.624008197599998538e-02,9.057785022399998665e-02,9.221008251199998285e-02,1.008967596399999722e-01,1.106608582400000346e-01,1.224993897599999937e-01,1.314208984400000169e-01,1.410855101440000037e-01,1.457772823319999633e-01,1.307226561039999957e-01,1.312852477411999841e-01,9.655990605999999199e-02,8.661025988400000708e-02
1.267648315999999886e-01,1.420651247599999945e-01,1.561257936800000135e-01,1.652261352000000127e-01,1.813647463999999987e-01,1.863764951999999642e-01,1.889524831999999932e-01,1.880435183999999427e-01,1.851979056000000456e-01,1.802142331999999625e-01,1.803332524000000048e-01,1.771076951999999982e-01,1.728437799999999747e-01,1.664682015999999765e-01,1.643731684000000193e-01,1.575241091999999843e-01,1.545001219200000109e-01,1.548152163200000042e-01,1.509295647599999679e-01,1.482926930799999821e-01,1.465548715200000185e-01,1.443034362800000026e-01,1.425126652400000304e-01,1.322570805999999932e-01,1.251979055999999924e-01,1.190805048400000177e-01,1.135391234880000211e-01,1.060691830920000162e-01,1.003298949120000061e-01,9.749115023999997687e-02,9.220153794400000324e-02,9.221267715999997838e-02,9.023773139999999304e-02,9.216720611999999757e-02,9.242874080000001991e-02,9.485855026399998835e-02,9.791702265600001065e-02,1.001473996399999816e-01,1.091166683600000020e-01,1.198846432400000050e-01,1.310778806400000052e-01,1.401321414399999965e-01,1.507177732760000000e-01,1.567782593520000156e-01,1.465324408159999758e-01,1.457308952799999946e-01,1.088188165200000002e-01,1.047824101920000334e-01
1.407450863200000180e-01,1.589077760000000006e-01,1.755601500000000259e-01,1.882540883999999359e-01,2.113926695999999716e-01,2.221751408000000039e-01,2.281750492000000352e-01,2.304530336000000512e-01,2.292439260000000700e-01,2.259394835999999906e-01,2.249394227999999829e-01,2.251354984000000226e-01,2.218203744000000199e-01,2.158866880000000488e-01,2.109170539999999927e-01,2.042118836000000326e-01,2.022645556000000622e-01,2.003285220000000089e-01,1.934808346800000189e-01,1.913281244800000003e-01,1.857769778000000482e-01,1.830592338000000263e-01,1.761715696800000008e-01,1.625653076000000141e-01,1.534558105200000133e-01,1.462115479599999934e-01,1.389624019840000058e-01,1.302249147840000010e-01,1.237693783280000015e-01,1.198802183359999746e-01,1.163719177599999988e-01,1.144856262399999713e-01,1.125733948400000212e-01,1.131445312800000019e-01,1.103393559200000068e-01,1.117698668000000062e-01,1.151069648080000063e-01,1.164834594239999854e-01,1.260681161440000142e-01,1.353494272040000057e-01,1.487332148000000132e-01,1.567378230800000050e-01,1.594317635240000142e-01,1.617219537600000090e-01,1.577667239520000042e-01,1.523828121959999726e-01,1.205957728166666687e-01,1.170179751799999696e-01
1.539064024799999819e-01,1.746057128800000136e-01,1.919400027999999259e-01,2.048248296000000357e-01,2.308505235999999960e-01,2.396080016000000645e-01,2.410150155999999932e-01,2.412423707999999944e-01,2.390628048000000283e-01,2.360221872000000110e-01,2.350961304000000474e-01,2.359419243999999749e-01,2.335942080000000809e-01,2.294375608000000233e-01,2.265525828000000130e-01,2.209115596000000292e-01,2.201933292000000375e-01,2.176522820000000302e-01,2.115806570399999809e-01,2.087921139199999943e-01,2.026765446799999870e-01,1.999671928399999743e-01,1.923001105999999627e-01,1.774269103200000197e-01,1.677674869200000141e-01,1.597795110399999607e-01,1.514608767799999756e-01,1.426597581880000021e-01,1.350897218599999838e-01,1.304635620203999924e-01,1.262968454080000136e-01,1.234788511200000244e-01,1.217100522400000329e-01,1.201725768280000051e-01,1.167926038960000329e-01,1.183398437999999830e-01,1.216564944439999935e-01,1.234400942679999835e-01,1.333232114839999760e-01,1.423376454864000162e-01,1.558563231600000321e-01,1.614588934800000042e-01,1.559376529991999827e-01,1.550531006520000088e-01,1.628778075800000058e-01,1.640522768880000037e-01,1.428577107250000033e-01,1.557571413999999932e-01
1.577827462399999936e-01,1.781233207600000090e-01,1.975837712000000357e-01,2.108876035999999732e-01,2.374057000000000250e-01,2.461787415999999729e-01,2.474607847999999999e-01,2.469784544000000193e-01,2.438021843999999272e-01,2.402284240000000515e-01,2.383438115999999551e-01,2.384979244000000054e-01,2.344834896000000390e-01,2.299241628000000537e-01,2.272560120000000627e-01,2.215979012000000303e-01,2.215643295999999984e-01,2.187832639600000295e-01,2.141592410400000313e-01,2.130674749199999995e-01,2.081547538799999875e-01,2.053028868000000284e-01,1.977403266399999915e-01,1.836257931599999393e-01,1.739070133199999979e-01,1.662385554400000187e-01,1.586729427760000255e-01,1.506619260479999667e-01,1.430369569879999803e-01,1.379020695320000156e-01,1.325018312640000029e-01,1.291125494888000214e-01,1.269747924079999701e-01,1.244725040799999904e-01,1.216693112480000116e-01,1.224879456720000120e-01,1.251835631200000076e-01,1.286763001999999823e-01,1.387135317200000051e-01,1.473007203200000503e-01,1.582995597200000104e-01,1.629125975199999798e-01,1.533934020080000016e-01,1.449278258399999963e-01,1.506234741200000171e-01,1.687548828388000244e-01,1.396861075416666875e-01,1.592962652399999846e-01
1.640487669199999776e-01,1.846369940000000265e-01,2.026148988000000539e-01,2.175274668000000133e-01,2.462394724000000201e-01,2.546334835999999324e-01,2.556163028000000281e-01,2.543109131999999883e-01,2.505552675999999646e-01,2.453378291999999683e-01,2.426036072000000432e-01,2.410298152000000249e-01,2.342422487999999414e-01,2.296873468000000529e-01,2.266876224000000384e-01,2.199040235999999704e-01,2.194006337200000156e-01,2.158583065999999662e-01,2.119306940799999817e-01,2.114532474799999950e-01,2.077748102400000241e-01,2.062785344399999943e-01,1.990650942799999656e-01,1.881129457200000077e-01,1.781903073999999976e-01,1.698591616560000128e-01,1.617333975480000074e-01,1.532450867600000100e-01,1.458076477560000250e-01,1.398300170879999971e-01,1.340705873599999931e-01,1.297833261999999932e-01,1.274649048000000007e-01,1.253959659600000220e-01,1.239987182400000137e-01,1.251171877576000013e-01,1.281509398800000366e-01,1.329359441143999621e-01,1.455209352799999856e-01,1.539599608399999930e-01,1.599607846400000200e-01,1.620866390799999834e-01,1.475294500400000375e-01,1.318547057999999994e-01,1.307943723599999941e-01,1.352841187280000024e-01,1.196212770799999908e-01,1.372601317999999626e-01
1.772775276000000122e-01,1.962666319999999964e-01,2.162519835999999751e-01,2.305520631999999626e-01,2.573439032000000015e-01,2.635461424000000163e-01,2.614891048000000384e-01,2.596098323999999624e-01,2.535707095999999994e-01,2.490881351999999771e-01,2.447370908000000012e-01,2.422042855999999855e-01,2.346452336000000027e-01,2.302261348000000374e-01,2.266841127999999761e-01,2.201817328000000296e-01,2.180027768000000477e-01,2.133868418800000111e-01,2.101844778799999980e-01,2.092010498799999896e-01,2.054002381600000260e-01,2.042735299200000576e-01,1.983641057599999924e-01,1.870410160000000599e-01,1.776452643200000514e-01,1.682586669479999852e-01,1.605735775200000104e-01,1.518290707200000145e-01,1.436807257199999854e-01,1.379074096640000302e-01,1.315516660320000253e-01,1.282943721360000067e-01,1.254356377399999944e-01,1.232948305600000127e-01,1.232794186000000097e-01,1.239410402959999769e-01,1.278956600519999820e-01,1.333912662799999760e-01,1.451193233599999965e-01,1.532405097200000288e-01,1.594837955600000023e-01,1.592105104000000049e-01,1.446994020799999836e-01,1.159043313461666364e-01,1.145666502159999878e-01,1.156951585416666345e-01,1.052707039166666941e-01,1.295356760320000300e-01
1.850625619999999860e-01,2.034490971999999565e-01,2.222377004000000156e-01,2.366572568000000210e-01,2.637823475999999667e-01,2.680900579999999644e-01,2.646975707999999483e-01,2.623915099999999945e-01,2.562040712000000497e-01,2.518911744000000286e-01,2.467947379999999302e-01,2.432089243999999706e-01,2.350024416000000838e-01,2.287182615999999724e-01,2.241415400000000280e-01,2.158894351999999794e-01,2.142550656000000719e-01,2.092022705999999899e-01,2.059298715199999463e-01,2.054023741600000119e-01,2.023809812400000074e-01,2.016429145199999384e-01,1.961138912399999767e-01,1.860119633599999767e-01,1.776869207600000056e-01,1.679544065119999985e-01,1.590495297880000214e-01,1.489656059200000215e-01,1.410307308000000037e-01,1.338163764759999763e-01,1.273896796000000275e-01,1.251303102199999850e-01,1.229440314435999992e-01,1.191125489279999949e-01,1.180751039599999830e-01,1.197085569200000005e-01,1.232843017599999924e-01,1.318093874799999843e-01,1.473745729999999809e-01,1.584318536400000088e-01,1.681129457600000210e-01,1.695071410400000034e-01,1.530372621599999927e-01,1.111137070916666802e-01,9.843095122083334036e-02,1.038146635304347948e-01,1.120061464304347998e-01,1.317035353749999860e-01
1.963951112000000276e-01,2.120903012000000532e-01,2.302453608000000207e-01,2.437719724000000365e-01,2.681922919999999433e-01,2.729177859999999955e-01,2.699728404000000248e-01,2.670886228000000084e-01,2.604557803999999477e-01,2.560243235999999922e-01,2.493412783999999771e-01,2.446446231999999943e-01,2.344679259999999932e-01,2.261824035999999705e-01,2.213368224800000283e-01,2.118452452000000041e-01,2.090156569199999870e-01,2.051345821600000230e-01,2.013354489199999653e-01,1.995054619600000467e-01,1.978237914799999553e-01,1.962100215600000308e-01,1.909780890000000453e-01,1.808694459199999827e-01,1.726927180000000506e-01,1.643075562800000444e-01,1.561238104320000208e-01,1.464909362400000359e-01,1.386897278399999989e-01,1.306329338400000206e-01,1.232005312280000098e-01,1.202626046440000290e-01,1.167468257759999711e-01,1.110865785880000289e-01,1.091648872799999975e-01,1.103228760799999653e-01,1.152420044400000038e-01,1.236457831999999840e-01,1.417384346799999695e-01,1.543084717600000100e-01,1.683583069599999815e-01,1.719815060800000128e-01,1.481669621559999761e-01,1.026851334499999796e-01,7.228486431782610300e-02,4.998883365227271142e-02,7.332528247826086698e-02,1.180372242916666731e-01
2.054150392000000103e-01,2.206954955999999857e-01,2.367042547999999857e-01,2.478622436000000318e-01,2.706596371999999695e-01,2.748011783999999569e-01,2.709442139999999055e-01,2.678236380000000860e-01,2.619053652000000731e-01,2.575430296000000285e-01,2.504438788000000193e-01,2.455073539999999832e-01,2.356767267999999860e-01,2.266824336000000661e-01,2.209307864000000232e-01,2.093540956000000397e-01,2.058929444399999753e-01,2.008990481200000622e-01,1.967980955599999970e-01,1.932893370400000088e-01,1.913140877199999701e-01,1.893278491599999502e-01,1.845809939999999705e-01,1.750186168800000053e-01,1.668553160799999824e-01,1.592364495599999930e-01,1.521061704159999972e-01,1.428178398800000193e-01,1.353376769600000140e-01,1.282066340000000138e-01,1.192831424559999687e-01,1.162339786279999870e-01,1.121452337680000216e-01,1.060229493479999813e-01,1.040724188519999982e-01,1.044432076880000143e-01,1.082850651040000167e-01,1.182969650519999916e-01,1.375578308799999816e-01,1.549462887200000194e-01,1.699282830428000268e-01,1.755935355833333489e-01,1.558709722800000197e-01,1.207625352608695940e-01,7.932317887619050323e-02,8.996600142380951903e-02,9.461229514545456409e-02,1.532644192608695610e-01
2.106166075999999776e-01,2.238299559999999411e-01,2.392268363999999758e-01,2.506521611999999455e-01,2.717527771999999620e-01,2.753880312000000496e-01,2.722946171999999776e-01,2.691340636000000286e-01,2.633670052000000039e-01,2.588497924000000006e-01,2.508772280000000077e-01,2.461627204000000069e-01,2.351025399999999987e-01,2.245785516000000093e-01,2.170335384000000589e-01,2.039216623999999534e-01,2.003396608000000134e-01,1.950675959599999509e-01,1.910961915999999372e-01,1.879486076800000183e-01,1.871731563200000059e-01,1.844520564799999873e-01,1.803604126799999707e-01,1.700430294000000175e-01,1.611814878000000228e-01,1.541418450400000029e-01,1.462599176880000351e-01,1.355802907599999996e-01,1.275279235600000338e-01,1.201031489600000030e-01,1.106214906800000036e-01,1.068435665440000126e-01,1.012680052400000003e-01,9.483749311239997315e-02,9.210495006800002715e-02,9.164733856800000300e-02,9.551254308000001192e-02,1.036201467199999865e-01,1.231910706399999694e-01,1.494153345833333368e-01,1.653367678750000125e-01,1.738368670416666484e-01,1.583960855416666202e-01,3.851899020391304218e-02,6.853775762857142184e-02,8.089386832631578761e-02,7.382984186499999546e-02,1.339298748695652574e-01
2.183085640000000105e-01,2.306140135999999730e-01,2.427770988000000074e-01,2.525650023999999605e-01,2.713641339999999791e-01,2.745188907999999706e-01,2.715330503999999756e-01,2.687800599999999873e-01,2.625303652000000043e-01,2.578152456000000203e-01,2.509207160000000991e-01,2.462756351999999815e-01,2.349383539999999881e-01,2.251120000000000620e-01,2.178005987999999671e-01,2.048539728000000337e-01,1.994668576000000193e-01,1.935636911999999710e-01,1.875859075999999626e-01,1.819346619599999659e-01,1.799229429999999741e-01,1.746183780399999941e-01,1.700762939199999824e-01,1.595996095999999975e-01,1.522596743999999613e-01,1.441218579999999916e-01,1.360829164800000379e-01,1.256912228399999776e-01,1.186254877999999846e-01,1.126199337599999711e-01,1.022760019599999737e-01,9.657623344000000609e-02,9.241760326799999814e-02,8.633819544000000124e-02,8.061874367200001779e-02,7.764602688400000507e-02,7.880615211999998648e-02,8.416259777200001124e-02,1.135745051249999887e-01,1.322964035833333607e-01,1.480501495000000056e-01,1.546502108749999993e-01,1.478619567916666933e-01,2.437210071299998962e-02,3.141479560000000337e-02,7.420551094117648627e-02,9.246114046666666086e-02,1.130636383636363651e-01
2.271347043999999704e-01,2.366883844000000070e-01,2.474301147999999895e-01,2.522782903999999937e-01,2.687200916000000439e-01,2.705732739999999747e-01,2.680981439999999827e-01,2.644596871999999599e-01,2.580110171999999702e-01,2.546749876000000690e-01,2.471870424000000566e-01,2.413645940000000434e-01,2.307391371999999719e-01,2.205831907999999952e-01,2.124348459999999827e-01,2.009770200000000062e-01,1.957814023999999986e-01,1.904302979999999978e-01,1.861317451599999728e-01,1.774183652000000389e-01,1.754917900399999842e-01,1.694973756800000342e-01,1.640480043599999993e-01,1.516885376400000096e-01,1.443782050799999883e-01,1.379490672080000147e-01,1.298428349599999865e-01,1.200447081199999960e-01,1.132923896000000152e-01,1.057781975600000091e-01,9.406768795999999322e-02,8.716186442800001599e-02,8.117141653599997675e-02,7.333953766719998602e-02,6.552749637384000514e-02,6.082641596000000483e-02,5.635177639600000982e-02,5.821868937199999733e-02,9.174601247083331856e-02,1.026128129416666451e-01,1.099007925875000041e-01,1.072036426666666958e-01,1.013880179130434711e-01,-3.337250007500001253e-02,-1.810359970000000041e-02,-2.463531575833334195e-02,5.426094688545454736e-02,1.147533604761904746e-01
2.165943916000000469e-01,2.268884272000000757e-01,2.366934204000001041e-01,2.421755983999999695e-01,2.593553163999999800e-01,2.632962036000000006e-01,2.597348023999999644e-01,2.583424379999999521e-01,2.527986143999999546e-01,2.484286496000000788e-01,2.406985471999999737e-01,2.349458311999999549e-01,2.237460323999999889e-01,2.135729980000000416e-01,2.062609856000000019e-01,1.943852232000000124e-01,1.901145939999999701e-01,1.863681035999999458e-01,1.810246276800000220e-01,1.715693676800000567e-01,1.684971624000000390e-01,1.620043949200000444e-01,1.545339968000000175e-01,1.432064820800000304e-01,1.351667777999999986e-01,1.299887076480000236e-01,1.229624938799999956e-01,1.141738893199999855e-01,1.095098874799999844e-01,9.986831643999999342e-02,8.867538412000000592e-02,8.000610368400000449e-02,7.204483001200001624e-02,6.265640284000000004e-02,5.183090252399999431e-02,4.556854232799999183e-02,3.891021710000000522e-02,3.604858441200000513e-02,3.828598066400001193e-02,7.620890902916667431e-02,7.622512134166664621e-02,5.966790558333332634e-02,5.460339478571429872e-02,-6.724952494705878359e-02,3.885378271428571034e-02,-3.466692899999998523e-02,1.017324259818181836e-01,9.795263474347824795e-02
2.142594911999999852e-01,2.236315920000000179e-01,2.330322268000000197e-01,2.367924495999999823e-01,2.484371952000000439e-01,2.507710272000000518e-01,2.471060179999999273e-01,2.463241567999999992e-01,2.398254399999999731e-01,2.341656491999999090e-01,2.276008599999999882e-01,2.239923088000000118e-01,2.134773251999999844e-01,2.046720883999999796e-01,1.995860288000000093e-01,1.899522392000000115e-01,1.871401971999999969e-01,1.809684752000000063e-01,1.753324894000000134e-01,1.657937622000000000e-01,1.622981260799999936e-01,1.514871219599999708e-01,1.446166999600000391e-01,1.336358640799999997e-01,1.275177006000000057e-01,1.224198910080000202e-01,1.152111804799999945e-01,1.080448910399999796e-01,1.045936583999999836e-01,9.558349600000003166e-02,8.474121052000001264e-02,7.475708071999999371e-02,6.642715502399999805e-02,5.488510128160000584e-02,4.137741083999999653e-02,3.453582761200000434e-02,2.288482686760000273e-02,1.302383464000000067e-02,4.780121039999998996e-03,3.185653659583333186e-02,2.033217734583333755e-02,-8.914615973913046429e-03,-2.433013889047619394e-02,-1.069113779000000070e-01,-1.374647613187499895e-01,-9.020086513846153897e-02,-5.472183280000000177e-02,1.210496088495238015e-01
1.959997558400000395e-01,2.049282831200000266e-01,2.146321104000000202e-01,2.179916375999999545e-01,2.282107547999999708e-01,2.305026243999999669e-01,2.276948555999999957e-01,2.259011831999999942e-01,2.201629656000000101e-01,2.171452327999999765e-01,2.149624635999999589e-01,2.130865480000000700e-01,2.042361443999999304e-01,1.967282116000000636e-01,1.923556519999999881e-01,1.836219795999999849e-01,1.810372924000000217e-01,1.760786436000000010e-01,1.696647644000000010e-01,1.602886963999999859e-01,1.550306703599999836e-01,1.432324224000000035e-01,1.350881960399999970e-01,1.249281316640000195e-01,1.193962101720000002e-01,1.143165583600000285e-01,1.058122258400000099e-01,1.005143740000000174e-01,9.806198124000001237e-02,8.904235887999999155e-02,7.812362675600001416e-02,6.781112653600000761e-02,5.973266567999999804e-02,4.854492204799999711e-02,3.313751229200000148e-02,2.340240470800000402e-02,8.017425423999998205e-03,-8.639678958799993855e-03,-2.503707891200000063e-02,-5.103088368000000680e-02,-4.926379576083333295e-02,-8.591593804347827379e-02,-1.054498674499999983e-01,-2.890619946466666534e-01,-2.498354915187499525e-01,-1.118147722071428651e-01,-3.842353762499999686e-02,1.125848943954545628e-01
1.808909598400000041e-01,1.875085453600000285e-01,1.981727603999999809e-01,2.024836732000000472e-01,2.093402095999999935e-01,2.118653872000000049e-01,2.100033559999999744e-01,2.088279724000000337e-01,2.028135696799999999e-01,1.993885801199999641e-01,1.970788578400000102e-01,1.971882631999999913e-01,1.887905870399999853e-01,1.827647402800000043e-01,1.809791564000000075e-01,1.750267027999999614e-01,1.717956543999999974e-01,1.678892516000000112e-01,1.601730344400000283e-01,1.527635191599999720e-01,1.470452882000000128e-01,1.362733462799999851e-01,1.276197812799999831e-01,1.164891053280000255e-01,1.112823488799999927e-01,1.058857723999999945e-01,9.720382616000002030e-02,9.178268392000001052e-02,9.034225488000000026e-02,8.055633493720000537e-02,7.061767598399999735e-02,5.858383209999999675e-02,4.984420802948000273e-02,3.915603615200000109e-02,2.154556297600000031e-02,1.141311628000000154e-02,-8.064270143999996074e-03,-2.765869122400000865e-02,-4.751571619999998830e-02,-8.780364979599999953e-02,-1.278694147240000134e-01,-1.562803516295652451e-01,-1.608919653181818399e-01,-3.325920136000000138e-01,-2.587387566250000104e-01,-2.361548294285714111e-01,-7.315445112999999222e-02,4.309120014999999471e-02
1.660552980799999967e-01,1.721926866400000089e-01,1.814913943199999435e-01,1.851832576000000397e-01,1.926296991999999486e-01,1.958016972000000411e-01,1.941429139999999720e-01,1.907499705200000339e-01,1.864079285200000158e-01,1.831513963600000516e-01,1.817045598399999740e-01,1.815029906799999759e-01,1.749296565999999831e-01,1.705517577599999779e-01,1.690725721599999898e-01,1.644515993200000303e-01,1.605545052000000028e-01,1.547766116000000303e-01,1.473431393600000139e-01,1.398666388800000326e-01,1.343138124399999578e-01,1.243984987600000036e-01,1.159826658600000143e-01,1.056932061600000111e-01,1.001309201600000115e-01,9.338241503999998583e-02,8.639129583199998963e-02,8.020385758799999931e-02,8.142242449599999821e-02,7.286895691600001057e-02,6.554107695999998595e-02,5.227050775600001337e-02,4.401458724400000855e-02,3.305007969760000164e-02,1.363998414399999679e-02,1.556549063999998397e-03,-2.215026855199999159e-02,-4.166229259199999424e-02,-6.566757147599998345e-02,-1.198699947839999974e-01,-1.769648745599999851e-01,-2.408205660000000137e-01,-2.860434174782608419e-01,-2.130069725222222266e-01,-1.901904202777777997e-01,-1.733305455000000161e-01,-5.772726949999993327e-03,1.343752545523809461e-01
1.452535997200000151e-01,1.535937495599999925e-01,1.614105222000000173e-01,1.654751583200000098e-01,1.729661561199999920e-01,1.785571280000000649e-01,1.752027888799999600e-01,1.741851807599999469e-01,1.691514580399999801e-01,1.660797125999999568e-01,1.655999751600000236e-01,1.665669252399999967e-01,1.613095098799999794e-01,1.559602360000000021e-01,1.549369812799999968e-01,1.499876407200000095e-01,1.453038025200000249e-01,1.403778078400000351e-01,1.320657351599999751e-01,1.278100581600000174e-01,1.217869570399999907e-01,1.143173218399999719e-01,1.067858888279999974e-01,9.688934328000003982e-02,9.069824167999998576e-02,8.259048451599999841e-02,7.582916260000001352e-02,7.109497092000000018e-02,7.169723557599998187e-02,6.113983097599999528e-02,5.538894652799999929e-02,4.307708689427999782e-02,3.343597420000000292e-02,2.256271347320000162e-02,4.874267505600000071e-03,-5.912323114799999078e-03,-2.917373670399999938e-02,-5.341903726400001884e-02,-8.032165500400000047e-02,-1.393582159720000158e-01,-1.978630063599999545e-01,-2.826916237826087586e-01,-3.574622027142857483e-01,-1.115713121499999766e-01,-3.112877287578946217e-01,-2.074851991666666340e-01,-7.166716717647059198e-02,3.063528961904761136e-02
1.196339417875999789e-01,1.284687810399999797e-01,1.356375123600000177e-01,1.415939333599999794e-01,1.476817327879999808e-01,1.532833865079999969e-01,1.540832525199999636e-01,1.532974230000000160e-01,1.503977965999999944e-01,1.481101987600000058e-01,1.494520570800000059e-01,1.523553457999999861e-01,1.453997802800000294e-01,1.405549617599999856e-01,1.395437623199999866e-01,1.336274725200000402e-01,1.276010133999999907e-01,1.236590570000000305e-01,1.135139462799999999e-01,1.109226989600000240e-01,1.062338260000000312e-01,1.007174682840000224e-01,9.405059820399999659e-02,8.627212550000001867e-02,8.039291354719999005e-02,7.345001224399999584e-02,6.795669567199999483e-02,6.188980112799999378e-02,6.059082019999999930e-02,5.082351641599999748e-02,4.609161390119998619e-02,3.200180071599999926e-02,2.431991572919999303e-02,1.560562138999999938e-02,-1.570129727999995976e-03,-1.428497279200000199e-02,-3.243972788800000145e-02,-5.814285300399998913e-02,-8.470352126920001334e-02,-1.350955201879999734e-01,-1.866328426080000047e-01,-2.830413195416667249e-01,-3.296122358695652288e-01,-3.861142093142856946e-01,-3.273155575347618251e-01,-2.020891187430000069e-01,-9.572429642999999433e-02,2.632262526363636848e-02
1.019654849320000140e-01,1.078752133599999719e-01,1.121206669999999794e-01,1.171347046387999913e-01,1.223789975639999750e-01,1.288999938000000012e-01,1.281639101600000330e-01,1.274446108800000033e-01,1.273657230399999618e-01,1.257420354799999862e-01,1.283706664800000063e-01,1.308918760239999868e-01,1.238368232000000013e-01,1.196940617600000534e-01,1.201359553599999908e-01,1.155981447600000350e-01,1.082656854000000057e-01,1.039855957200000180e-01,9.607910159999998034e-02,9.446594233599998891e-02,8.962432880799997559e-02,8.311630220800000912e-02,7.869323711999999527e-02,7.119201632400001811e-02,6.752853363199999570e-02,6.001464812159999773e-02,5.515747026799999037e-02,5.030929562840000258e-02,4.880172721200000396e-02,4.289276129200000204e-02,3.931167594559999146e-02,2.431335452000000022e-02,1.746032692799999453e-02,9.726410059200002109e-03,-4.561004538800001590e-03,-1.971725464000001135e-02,-3.667358350400000411e-02,-6.079452542799999165e-02,-8.454544009599997134e-02,-1.381675718800000341e-01,-1.761944574000000041e-01,-2.371479665454166164e-01,-2.910383315714285546e-01,-3.027016782857142596e-01,-2.869655605499999984e-01,-2.172309876343000157e-01,-7.846209877736842753e-02,1.420924992173912271e-02
8.839996283999999871e-02,9.201156672000002090e-02,9.216278014399997831e-02,9.536437972799999274e-02,9.919570909600000652e-02,1.027354439200000163e-01,1.042835997339999765e-01,1.045153805039999856e-01,1.048341370839999814e-01,1.039459228120000189e-01,1.061065679199999917e-01,1.094764711200000018e-01,1.028115847200000155e-01,1.000201410600000257e-01,1.010223389240000325e-01,9.663818327999998403e-02,8.981918383999999700e-02,8.551101695200000186e-02,7.852249170799997791e-02,7.618606638000000042e-02,7.361968916799999096e-02,7.056854289599999441e-02,6.577163698799999569e-02,6.106658965999999661e-02,5.534759508359999441e-02,4.847946171200000903e-02,4.419677724799999513e-02,3.865386984800000397e-02,3.617111203599999991e-02,2.832336427599999040e-02,2.739181543200000513e-02,1.409759496800000282e-02,8.335723811999999969e-03,1.421661562799998073e-03,-1.007995602000000095e-02,-2.306747440199999680e-02,-3.582839992800000012e-02,-5.550094632800000455e-02,-7.596206697404001007e-02,-1.203677355640000030e-01,-1.598585513199999864e-01,-2.009935376250000238e-01,-2.604519387391304730e-01,-2.534294128636363497e-01,-2.360649112857143295e-01,-1.871047233333333615e-01,-1.434027014315789328e-01,-2.551717337391304005e-02
6.618301398400000535e-02,6.947891254799999639e-02,6.821014339999999232e-02,6.889602620000000177e-02,7.542587248000000300e-02,7.967544511200000401e-02,8.221572902800002025e-02,8.079238913520001009e-02,8.374679529999999594e-02,8.109848018400001024e-02,8.001586943599997559e-02,8.240524341600000136e-02,7.636001595600000469e-02,7.484466498400001166e-02,7.767852785599999033e-02,7.435134907999998988e-02,6.917282104000001264e-02,6.666503979679999636e-02,6.151977587199999181e-02,6.068801903999999220e-02,5.981613165600000587e-02,5.550491339200000485e-02,5.295318609199999721e-02,4.860443125200000075e-02,4.475708004959999542e-02,3.769287111200000928e-02,3.550476069199999529e-02,3.041870089600000326e-02,2.835357632360000629e-02,2.149139418799999798e-02,2.235427845199999819e-02,1.009704599999999841e-02,4.073486572000000611e-03,-2.434997718800000800e-03,-1.332519531200000024e-02,-2.441284170799999653e-02,-3.547424299600000080e-02,-5.040863063200000382e-02,-6.847412125199998922e-02,-1.000354002959999988e-01,-1.238647464679999977e-01,-1.604769898800000039e-01,-1.987521354400000329e-01,-1.965103155652174471e-01,-1.873454130142856999e-01,-1.550454633809523752e-01,-1.037744790285714258e-01,-2.639007590000000056e-02
4.169921835599999654e-02,4.356918330040000092e-02,4.275070161599999613e-02,4.486679090800001213e-02,5.190017673999998415e-02,5.689575212000000382e-02,5.973480199999998963e-02,5.942352302800000402e-02,6.423492500799998783e-02,5.790557906399999843e-02,5.390167223200000024e-02,5.462081881600001215e-02,5.377441388799999999e-02,5.385940529199997884e-02,5.564697238000000656e-02,5.129913322000000803e-02,5.007766694799999085e-02,4.692245439200000423e-02,4.262802109200000689e-02,4.291381844000000806e-02,4.421798707599999129e-02,4.086242667399999501e-02,4.139541624839999934e-02,4.026000968000000707e-02,3.767288214400000418e-02,3.103637704799999328e-02,2.988922130680000608e-02,2.340515141159999618e-02,1.864410378000000076e-02,1.237808243880000186e-02,1.160003645764000682e-02,1.000976760799999164e-03,-7.583618279999993330e-04,-8.889007632000001796e-03,-1.759368897599999926e-02,-2.603439314400000232e-02,-3.518051133600000324e-02,-4.628265402800000455e-02,-6.142715501600000405e-02,-8.427459714799999391e-02,-1.028831483039999856e-01,-1.217263800799999601e-01,-1.497100829960000268e-01,-1.580915452499999929e-01,-1.300719870318181870e-01,-1.210450252136363453e-01,-7.282031730909091505e-02,-4.950680987391305188e-02
2.097671542400000519e-02,2.078796390800000116e-02,2.083328275199999510e-02,2.183242791600000648e-02,2.673492426399999219e-02,3.229385334399999946e-02,3.425598147680000705e-02,3.474060059199999412e-02,3.765197732800001917e-02,2.982711814800000777e-02,2.624237049559999604e-02,2.713562017999999326e-02,2.803436285200000544e-02,2.767227148399999809e-02,3.378921500799998701e-02,3.140625020000000628e-02,2.953826904000000572e-02,2.923049944000000178e-02,2.610961960143999908e-02,2.849868772000000230e-02,2.969131472000000049e-02,2.635284447200000185e-02,2.650497451999999851e-02,2.772689849200000306e-02,2.498596186799999924e-02,2.258682273999999823e-02,2.156051631119999812e-02,1.672607426000000466e-02,1.306442271600000149e-02,5.835113630799998452e-03,6.355286018000001584e-03,-3.108520087999998380e-03,-4.851531664000000889e-03,-9.018097083999997154e-03,-1.690582281560000164e-02,-2.411788938799999671e-02,-2.787216176000000337e-02,-3.576217660400000248e-02,-5.177597022000000188e-02,-6.755432125999999426e-02,-8.074935912800002002e-02,-1.001483155519999890e-01,-1.097023003410800140e-01,-1.339656070799999654e-01,-1.118559835833333321e-01,-1.128838851874999771e-01,-7.203054479166666468e-02,7.914888799999998670e-03
2.250213687999996423e-03,-8.441159159999971984e-04,-2.545776280000003680e-03,-1.843261799999998439e-03,1.065979451999999380e-03,4.952087691999998084e-03,8.460998731999997899e-03,1.038970984399999881e-02,1.393051173200000881e-02,9.384612799200005295e-03,2.988128447999999562e-03,5.019988827999999695e-03,5.852508711999995610e-03,6.152953877200004543e-03,1.388137838799999996e-02,1.060348502399999400e-02,1.001052833999999982e-02,1.070449818800000251e-02,9.843444648000002420e-03,1.359909079600000147e-02,1.575759895599999905e-02,1.275054935600000022e-02,1.255996718800000099e-02,1.334289534000000083e-02,1.144180318280000122e-02,1.165374755080000185e-02,9.799499728000000270e-03,3.339996347999999934e-03,1.374816972000000512e-03,-1.506044107999970840e-04,-1.911315504000000824e-03,-8.666839224000001674e-03,-9.632110835999999413e-03,-1.139953580800000081e-02,-1.742218018400000165e-02,-2.230560321519999695e-02,-2.130493194399999540e-02,-2.737854006800000475e-02,-3.617797840799999443e-02,-4.741561865279999427e-02,-5.400680628799998245e-02,-6.399139388800000050e-02,-6.874176041999997822e-02,-6.922721828333334992e-02,-7.663090990416666914e-02,-8.883428537916666923e-02,-6.230163682500001326e-02,2.693527422000000643e-02
-2.384216297920000241e-02,-2.313812200400000227e-02,-2.448806747599999861e-02,-2.444885211199999617e-02,-2.049331659959999913e-02,-1.595092769199999566e-02,-1.567916846800000014e-02,-1.321624760360000025e-02,-1.048492451600000104e-02,-1.726882938000000312e-02,-2.233016944800000209e-02,-2.085464474840000720e-02,-1.762924198839999762e-02,-1.769500761599999972e-02,-7.306213503999999491e-03,-9.344329856000000226e-03,-5.027160349600000994e-03,-1.776275555999998765e-03,-2.135467359999999263e-03,3.250121992000000286e-03,5.134277163199999112e-03,1.876678164000000109e-03,4.756160999999997576e-04,1.918792700799999956e-03,1.896667552000000931e-03,-2.201232660400001193e-03,-4.526062128000000323e-03,-1.086563139392000311e-02,-1.064727743599999839e-02,-9.732971256000000695e-03,-1.199569685999999843e-02,-1.508468656399999594e-02,-1.080062883600000148e-02,-1.222290048800000160e-02,-1.853576663239999561e-02,-2.157714831280000897e-02,-1.772720319559999494e-02,-2.041137673199999725e-02,-2.476516703280000689e-02,-3.673171991199999931e-02,-3.933486968399999700e-02,-4.296447809599999307e-02,-4.774841288400000217e-02,-4.919067410800000151e-02,-5.704620355600000664e-02,-7.824432416000001722e-02,-5.248489429239999032e-02,-4.445419295200001703e-02
-4.203796337936000632e-02,-4.206726087600001079e-02,-4.370407068000000533e-02,-4.570251489200001516e-02,-4.498931920000000251e-02,-4.323379534039999833e-02,-4.614379894799999771e-02,-4.300765980400000216e-02,-4.208374031560000589e-02,-4.415359519200000998e-02,-5.084579411600000792e-02,-4.639816262400000418e-02,-4.079483010800000892e-02,-3.791366603999999502e-02,-2.704864510000000097e-02,-2.902786252800000286e-02,-2.080322277999999830e-02,-1.673950183200000399e-02,-1.502075189600000048e-02,-1.272918720799999862e-02,-9.836578379999995347e-03,-1.215347282839999987e-02,-1.545440650399999491e-02,-9.005127071999999636e-03,-1.331237777999999712e-02,-1.512207027199999852e-02,-1.482543967200000007e-02,-2.338760359599999575e-02,-1.783325180799999812e-02,-1.999923750000000278e-02,-2.195754958000000270e-02,-2.299255350919999358e-02,-1.656463599199999373e-02,-1.478393547200000310e-02,-1.708068848399999645e-02,-2.089401246000000337e-02,-1.003753687600000138e-02,-1.239624058800000046e-02,-1.699645972799999558e-02,-2.370330757600000449e-02,-2.719146669159999696e-02,-3.310867276799999565e-02,-3.655883824399999010e-02,-3.965042088000000908e-02,-5.701477048000000436e-02,-7.823593077200000079e-02,-6.126785262799999687e-02,-5.873535168000001278e-02
-6.344543431599999894e-02,-6.531463643600000923e-02,-7.106079097999999650e-02,-7.171356220000001114e-02,-7.573379503999999596e-02,-7.476882860000000353e-02,-8.020599401200001477e-02,-7.543716399599999234e-02,-7.050369315599999687e-02,-7.137435951999999972e-02,-7.614395144800001347e-02,-6.968627951599999648e-02,-6.228683479279999852e-02,-5.945632961199997374e-02,-4.815460208399999220e-02,-4.738006543199999032e-02,-3.722518900800000224e-02,-3.166061417200000117e-02,-3.193740817600000670e-02,-2.925094620399999734e-02,-2.776290880000000308e-02,-2.812911934000000141e-02,-3.126770033200000631e-02,-2.501556396400000243e-02,-2.613296496520000137e-02,-2.641784660359999815e-02,-2.614120500000000416e-02,-3.102157656399999464e-02,-2.656951889199999153e-02,-2.592422462000000191e-02,-2.533813467199999905e-02,-2.484741224000000526e-02,-1.777008065040000528e-02,-1.321945188959999969e-02,-1.172714252320000011e-02,-1.420364396799999630e-02,-3.978423895600002175e-03,-5.609588320000002612e-03,-1.083007860399999925e-02,-1.642852792400000331e-02,-1.666305590000000461e-02,-1.738311776400000216e-02,-1.751144395599999945e-02,-1.849121123199999259e-02,-3.707183792399999789e-02,-5.041381831999999785e-02,-4.797851587199998546e-02,-5.617660503600000604e-02
-8.802246100800001360e-02,-9.243164133200000576e-02,-9.696197459600000568e-02,-1.004409788200000125e-01,-1.042364496800000095e-01,-1.016125486799999977e-01,-1.096517933999999889e-01,-1.030339050800000017e-01,-1.033930967200000217e-01,-1.020832827200000292e-01,-1.040357972800000086e-01,-9.682128963999998839e-02,-9.481399592000000487e-02,-8.791488679999998057e-02,-7.824752736000001319e-02,-7.265747088000000520e-02,-6.510025048119999491e-02,-5.691848748000001568e-02,-5.240829431199999638e-02,-4.898162865199999494e-02,-4.978088432000001007e-02,-4.765899656639998455e-02,-4.854415855040000033e-02,-3.806411723999999358e-02,-3.939773568040000340e-02,-4.059021001999999628e-02,-4.002182005600000980e-02,-4.076553329720000035e-02,-3.674911476799999632e-02,-3.533538783599999428e-02,-3.320327790399999618e-02,-3.058837898400000588e-02,-2.306304927200000104e-02,-1.615310676000000084e-02,-1.422241230199999644e-02,-1.018753040799999857e-02,-4.866638099999999988e-03,-3.973846459600000915e-03,-9.657287236000001301e-03,-1.188735994999999893e-02,-1.813491784079999947e-02,-1.695754986400000233e-02,-1.137573222200000816e-02,-2.431091252799999491e-02,-3.839233404799999999e-02,-5.536788881239999849e-02,-7.700119026399999955e-02,-7.671066283200002334e-02
-1.079498292000000276e-01,-1.130918886000000373e-01,-1.207189943200000087e-01,-1.238096618639999980e-01,-1.313134758379999878e-01,-1.300303643999999870e-01,-1.321112059199999744e-01,-1.270976258800000092e-01,-1.247149657599999767e-01,-1.252328500800000133e-01,-1.269717415599999621e-01,-1.180662538799999856e-01,-1.158010860799999764e-01,-1.096493531599999766e-01,-1.016893007200000143e-01,-9.181747439999998761e-02,-8.640365547999998008e-02,-7.500824011999998597e-02,-6.773941041687998876e-02,-6.632888791871999201e-02,-6.336166432799998638e-02,-6.135116612399998254e-02,-6.037338252120001691e-02,-5.147293105200000107e-02,-5.206771859600000524e-02,-5.279327360920001155e-02,-5.140426617199999465e-02,-5.034667990400001208e-02,-4.387725830400000110e-02,-4.105865505599999576e-02,-3.941024748000000050e-02,-3.273681611600000319e-02,-2.704711930000000542e-02,-1.882553117999999359e-02,-1.557601950279999779e-02,-7.715454002800000745e-03,-3.996887131200002434e-03,-4.326934580000000446e-03,-8.212585744000001908e-03,-6.583862119999998874e-03,-1.225936896799999926e-02,-1.188842733999999693e-02,-8.640594023999999609e-03,-1.182571414799999873e-02,-2.959320006799999458e-02,-5.757522645200000011e-02,-6.687530558360001154e-02,-8.846359231599999762e-02
-1.225410463360000063e-01,-1.303201291599999923e-01,-1.363265988799999828e-01,-1.423658743599999776e-01,-1.560188284800000380e-01,-1.556506349199999750e-01,-1.575830080800000033e-01,-1.533700557199999814e-01,-1.507128896400000140e-01,-1.494226078160000026e-01,-1.482156374319999748e-01,-1.391470336800000041e-01,-1.358538816400000071e-01,-1.281207274800000018e-01,-1.216645814879999815e-01,-1.124569700719999926e-01,-1.037730401680000414e-01,-9.497512836000002179e-02,-8.826019364000002587e-02,-8.393768252399999574e-02,-7.833663988399998390e-02,-7.329025210799999801e-02,-7.120300297999999917e-02,-6.205337504800000070e-02,-6.301284777999999198e-02,-6.496826135600000662e-02,-6.004180880400000753e-02,-5.955963101599999476e-02,-5.469543466000001408e-02,-4.963836680719999755e-02,-4.747192410399999479e-02,-4.015411383999999140e-02,-3.288253791999999620e-02,-2.758880590559999874e-02,-1.965332018760000340e-02,-1.001953114400000455e-02,-5.168762693599999840e-03,-4.500427664000000369e-03,-6.038665983199999199e-03,3.335568999999988325e-04,4.220580219999998071e-03,7.543640175200001102e-03,8.006744119999999187e-03,-3.619843344000000986e-03,-2.357086239999999291e-02,-5.904006963200000846e-02,-7.051132170400002674e-02,-8.884262085200003711e-02
-1.422969051959999953e-01,-1.494560246000000425e-01,-1.533706669200000094e-01,-1.654273990799999816e-01,-1.824964904399999921e-01,-1.804249574000000023e-01,-1.893803408399999111e-01,-1.802372735999999975e-01,-1.771307362879999958e-01,-1.748847960799999879e-01,-1.645851135360000272e-01,-1.557829293479999766e-01,-1.513415533199999885e-01,-1.409324643560000423e-01,-1.354034426560000171e-01,-1.247418216000000524e-01,-1.161485284799999851e-01,-1.074407953439999869e-01,-1.009158324280000213e-01,-9.871826265199999673e-02,-9.003952032399999139e-02,-8.359375021999999877e-02,-7.984497068400001063e-02,-6.694396985999999383e-02,-6.407928465999999934e-02,-6.598632727200000325e-02,-6.007080079999999739e-02,-5.893432637599999024e-02,-5.889770553600000291e-02,-5.495666508399999622e-02,-5.188446064800000812e-02,-4.056564352880000918e-02,-3.397384622400000109e-02,-3.176956154079999678e-02,-2.146987949279999600e-02,-6.422576991999998791e-03,-1.472778231199995888e-03,1.586953519999684232e-05,2.462770839999994885e-04,8.209991184000000816e-03,1.111160254800000122e-02,1.034698484000000189e-02,2.233596771999999883e-02,3.109588588000001923e-03,-1.411438403999995019e-03,-5.074447611599998409e-02,-6.285827675600000330e-02,-7.674041774400000571e-02
-1.560768120759999933e-01,-1.631280516799999691e-01,-1.725628672800000041e-01,-1.823837284800000347e-01,-2.050099171999999748e-01,-2.051478582000000050e-01,-2.152302546800000382e-01,-2.063307187999999792e-01,-2.036854553199999862e-01,-1.985704044399999868e-01,-1.851734927199999992e-01,-1.693321230800000632e-01,-1.632473753600000022e-01,-1.522627257879999862e-01,-1.433367916959999988e-01,-1.332344053080000146e-01,-1.261076358800000130e-01,-1.183328248400000032e-01,-1.130125425599999983e-01,-1.100843819199999740e-01,-1.022416688519999922e-01,-9.450210576000001028e-02,-9.205368004000000215e-02,-8.366912878800000786e-02,-7.767471378000000148e-02,-7.727996830800001882e-02,-6.945236183600000945e-02,-7.028656007960000507e-02,-7.096282943719998959e-02,-6.243896532399999255e-02,-5.850463847999999578e-02,-4.514511134799999159e-02,-3.857604961600000215e-02,-3.384048502399999991e-02,-2.497314469279999713e-02,-9.837798959999997928e-03,-4.238739135999997770e-03,-5.326842279999993712e-04,-1.181946323999998830e-03,7.358093432000000454e-03,9.819641071999998458e-03,7.521057511999998217e-03,1.710296627999999958e-02,2.028351140000004063e-03,1.922600000000551781e-05,-4.928817812400001358e-02,-6.448974488399999982e-02,-7.464233443999999940e-02
-1.707209780400000265e-01,-1.813401794799999744e-01,-1.944499201199999527e-01,-2.035050966399999939e-01,-2.247462469599999513e-01,-2.292158503599999730e-01,-2.355950929200000543e-01,-2.275482180000000243e-01,-2.213146968400000192e-01,-2.149171443600000342e-01,-2.010375976000000342e-01,-1.828710939999999840e-01,-1.768103022799999979e-01,-1.674763490067999738e-01,-1.558381651840000381e-01,-1.462234492560000043e-01,-1.380274968400000135e-01,-1.289627074399999906e-01,-1.235420228919999752e-01,-1.197322079879999945e-01,-1.189321900079999828e-01,-1.091035459200000307e-01,-1.005206295599999911e-01,-9.991592415599998001e-02,-8.998870832000001319e-02,-8.631912234400002104e-02,-8.110961948000001975e-02,-7.898956323959999137e-02,-8.255859352399998186e-02,-7.169708243999999009e-02,-6.410247837599999943e-02,-4.794845600760000437e-02,-3.800781291599999306e-02,-3.600265439079999852e-02,-2.602478047199999894e-02,-9.866180232400002456e-03,-5.365295623999998334e-03,-2.077789479600000797e-03,4.953918407999999968e-03,1.373550373199999668e-02,1.408477783840000191e-02,1.782974219600000354e-02,2.372421255999999576e-02,1.359313937800000170e-02,1.422577460000000720e-03,-4.574874896799999840e-02,-5.692413330800000920e-02,-5.729537904839999279e-02
-1.869827273200000417e-01,-2.010755915199999577e-01,-2.123124685600000228e-01,-2.242356868000000281e-01,-2.410566711999999889e-01,-2.479998788800000520e-01,-2.500984188000000552e-01,-2.450584404000000216e-01,-2.388879391999999824e-01,-2.279772944000000023e-01,-2.117077627999999212e-01,-1.920240790400000175e-01,-1.833905027200000148e-01,-1.734059138000000333e-01,-1.617337026000000288e-01,-1.512263492400000020e-01,-1.425981138799999881e-01,-1.333740238799999978e-01,-1.244407652680000059e-01,-1.212608332000000150e-01,-1.246916196320000114e-01,-1.151080325240000091e-01,-1.063414011040000051e-01,-1.074707029736000075e-01,-9.774948131999999790e-02,-9.441970833599999668e-02,-8.712387095600000742e-02,-8.355926516400000170e-02,-8.773498523999999354e-02,-7.600631777600000416e-02,-6.907562155999999454e-02,-5.333648708399998939e-02,-3.642898572000000113e-02,-3.746048031600000133e-02,-2.951431252400000746e-02,-1.322006224800000018e-02,-7.309875196399998228e-03,-2.057647500400003673e-03,8.580322128000002560e-03,1.549026493199999986e-02,1.754867580000000343e-02,2.268158012000000279e-02,3.271530166800000472e-02,1.081680360000000958e-02,-9.255675992000004376e-03,-3.330413856000000866e-02,-3.812088022800001058e-02,-3.697036699999999704e-02
-2.049151615600000309e-01,-2.197731021920000805e-01,-2.337982177200000067e-01,-2.485484316000000082e-01,-2.617085256000000193e-01,-2.737030028400000425e-01,-2.755952447999999722e-01,-2.712535095999999979e-01,-2.631275935999999316e-01,-2.438630669999999612e-01,-2.286087028160000700e-01,-2.055352779600000124e-01,-1.921884155600000477e-01,-1.825314327199999975e-01,-1.676824944800000272e-01,-1.561659240800000181e-01,-1.490309148400000006e-01,-1.425268559600000040e-01,-1.334432981200000257e-01,-1.307225035119999879e-01,-1.356866455839999541e-01,-1.266903685960000248e-01,-1.168939213599999999e-01,-1.199792477000000135e-01,-1.158436586000000240e-01,-1.044624329440000249e-01,-9.736724871999999364e-02,-9.577148395599997810e-02,-9.799499616000000024e-02,-8.578506488800000107e-02,-7.683547995199999092e-02,-6.162918102400000153e-02,-4.720062272320000446e-02,-4.260894739600000480e-02,-3.280776991199999687e-02,-1.699111940800000081e-02,-7.561035076000000368e-03,-5.341186683199999549e-03,9.880218411200000772e-03,1.775268553280000272e-02,1.706161493599999898e-02,2.222854638400000374e-02,3.064285264799999908e-02,1.337982135199999867e-02,-1.467880208400000955e-02,-3.505508384480000156e-02,-3.602355968800000086e-02,-3.232635491200001182e-02
-2.351412972799999668e-01,-2.543737791999999831e-01,-2.645474251039999225e-01,-2.756208799599998982e-01,-2.867137148000000191e-01,-3.014837640799999940e-01,-3.000308227999999855e-01,-2.933967596000000011e-01,-2.861347964000000021e-01,-2.704522715999999605e-01,-2.586332699999999707e-01,-2.304376217199999854e-01,-2.085447696280000318e-01,-1.940936272000000073e-01,-1.800425714399999932e-01,-1.674441532280000200e-01,-1.547843925599999837e-01,-1.531237797999999983e-01,-1.460813898520000043e-01,-1.428247074120000126e-01,-1.476103215200000318e-01,-1.440510560920000016e-01,-1.383599866000000123e-01,-1.393849182159999922e-01,-1.327699280963999806e-01,-1.214154057679999871e-01,-1.131909180519999891e-01,-1.111320497039999661e-01,-1.096141051360000063e-01,-9.563201934800001636e-02,-8.163635223600000657e-02,-6.769470177600001026e-02,-4.930282556440000047e-02,-4.802825896000000733e-02,-3.412551858400000859e-02,-2.422637902000000093e-02,-1.634628353200000273e-02,-1.511856073199999324e-02,1.356506640000021348e-04,2.999573140000000478e-03,1.540679278400000412e-03,1.485992417999999760e-02,1.974380461599999428e-02,7.228393600000002431e-03,-6.451568460000001171e-03,-3.808898919999999938e-02,-4.467758171199998768e-02,-3.543243393999999380e-02
-2.495996105200000148e-01,-2.721063229599999800e-01,-2.870397946079999429e-01,-2.945193488799999759e-01,-3.068316641999999650e-01,-3.236524963200000382e-01,-3.263754283999999450e-01,-3.238414003999999791e-01,-3.143502803999999595e-01,-2.968495175999999458e-01,-2.927972416000000355e-01,-2.597106928400000347e-01,-2.385412592800000287e-01,-2.217924505599999929e-01,-2.068234255639999353e-01,-1.903422543199999872e-01,-1.875759892399999629e-01,-1.820230102760000412e-01,-1.731481933711999655e-01,-1.728858945879999942e-01,-1.799476629759999557e-01,-1.803080746680000013e-01,-1.682077034800000259e-01,-1.667845158880000289e-01,-1.636035158959999736e-01,-1.536587539840000016e-01,-1.252070624000000132e-01,-1.302609241999999612e-01,-1.241567992839999884e-01,-1.103477482200000137e-01,-9.515823459760000547e-02,-7.554367115999997828e-02,-5.784423888000000263e-02,-5.375228847360000173e-02,-4.111785928000000895e-02,-2.981826772000000306e-02,-2.480758676000000343e-02,-1.984527619760000083e-02,-3.029937536000001236e-03,1.113885999999997283e-04,-4.924010659999998596e-03,-2.814484211999996460e-03,-4.640502524800000674e-03,-1.995422361999999936e-02,-2.835082997999997800e-02,-4.747787455200000450e-02,-4.423583939199999399e-02,-3.399322507999999465e-02
-2.964991759999999754e-01,-3.159274295199999694e-01,-3.219329835200000489e-01,-3.338174443999999963e-01,-3.434678651999999999e-01,-3.638063043999999469e-01,-3.638998403999999520e-01,-3.620111091999999586e-01,-3.530409236000000006e-01,-3.363513179999999547e-01,-3.284288032000000079e-01,-2.961892698399999913e-01,-2.788290406800000842e-01,-2.678038024000000128e-01,-2.460423272319999799e-01,-2.324780278399999622e-01,-2.293736257879999962e-01,-2.256474307959999981e-01,-2.047741695195999800e-01,-2.145448297599999721e-01,-2.226731868080000232e-01,-2.255828849600000074e-01,-2.074320982039999928e-01,-1.952470404720000052e-01,-1.904409798400000520e-01,-1.749032596120000116e-01,-1.522569279600000103e-01,-1.506784051199999697e-01,-1.468798826279999747e-01,-1.385963429240000266e-01,-1.191101069480000191e-01,-9.987915108000000597e-02,-8.330917369880000423e-02,-6.389801086399998775e-02,-4.962951666800000106e-02,-3.774765087999999713e-02,-3.317276024000000156e-02,-2.763153075199999489e-02,-1.354324371200000231e-02,-1.560073856799999888e-02,-2.120391873039999958e-02,-2.988143908679999350e-02,-2.584014917200000080e-02,-4.475372318720000075e-02,-5.842361466399999953e-02,-7.090347265200000471e-02,-6.278610282400000353e-02,-4.216079693999998795e-02
-3.271759031999998957e-01,-3.575350948000000639e-01,-3.740190136000000609e-01,-3.861590572000000998e-01,-3.984225460000000441e-01,-4.138310236000000142e-01,-4.118005372000000386e-01,-4.123136900000000660e-01,-4.102223232000000164e-01,-3.878312687999999619e-01,-3.744334407999999614e-01,-3.593670661599999705e-01,-3.436871336400000310e-01,-3.296699520799999950e-01,-3.082072460000000458e-01,-2.897610475199999813e-01,-2.803359972399999678e-01,-2.643676761079999937e-01,-2.517489622319999953e-01,-2.430023191999999832e-01,-2.533064270920000194e-01,-2.615397644239999542e-01,-2.461927804120000174e-01,-2.453715509119999971e-01,-2.337586971839999972e-01,-2.233857726240000008e-01,-2.019454956799999479e-01,-1.913601685600000157e-01,-1.858772281880000099e-01,-1.841891480479999899e-01,-1.533396907079999927e-01,-1.236273197599999790e-01,-1.067868033599999877e-01,-8.716339094399999654e-02,-7.552429157600001886e-02,-6.406997643999999548e-02,-6.352050808000000992e-02,-5.938476594400000919e-02,-5.298614515999999774e-02,-5.071868948799998500e-02,-4.723449726400000270e-02,-4.578002999200000978e-02,-4.772781415999999971e-02,-6.064590439599999022e-02,-6.885467607199999285e-02,-7.496871959999998336e-02,-4.616073607999998663e-02,-2.160965007999999729e-02
-3.204228205199999846e-01,-3.583918762000000147e-01,-3.851374815999999979e-01,-3.963522327999999817e-01,-4.125308228000001409e-01,-4.422068784000000585e-01,-4.573120108000000572e-01,-4.683969095999999666e-01,-4.720504768000000073e-01,-4.550384519999999822e-01,-4.450720216000001450e-01,-4.276771536000000262e-01,-4.036596680000000270e-01,-3.929115295999999757e-01,-3.802964780399999967e-01,-3.725849913600000618e-01,-3.453640748840000052e-01,-3.516949461599999660e-01,-3.346685792159999617e-01,-3.243397528799999985e-01,-3.188774113200000260e-01,-3.199598696839999201e-01,-3.164747623160000245e-01,-3.205015563839999082e-01,-3.021195984839999404e-01,-2.888511663600000223e-01,-2.602851868079999464e-01,-2.405912774920000163e-01,-2.373713684800000112e-01,-2.290881355960000254e-01,-1.948187247200000305e-01,-1.678611757600000365e-01,-1.513006584800000165e-01,-1.397428888400000235e-01,-1.242843629320000143e-01,-1.060279835600000109e-01,-1.062767029199999935e-01,-1.074061586399999851e-01,-1.023666376799999972e-01,-1.133195492199999821e-01,-9.859863260000001350e-02,-9.598678484000000566e-02,-7.613525415999999879e-02,-1.036148068119999988e-01,-9.423004184000000061e-02,-8.077163779199998672e-02,-5.028091430400000172e-02,-1.552856476399999512e-02
-3.404641724400000458e-01,-3.852552796800000623e-01,-4.077108760400001142e-01,-4.265342706800002159e-01,-4.362898268000000024e-01,-4.572456355999999222e-01,-4.633229055999998902e-01,-4.769956952000000694e-01,-4.825306692000000397e-01,-4.825704975999998148e-01,-4.752636711999999597e-01,-4.712176528000001086e-01,-4.592198175999998577e-01,-4.442767335999999734e-01,-4.352055355199999642e-01,-4.189704895999999956e-01,-3.954609683199999393e-01,-4.126354994399999976e-01,-4.096795665559999633e-01,-4.118002327999999990e-01,-3.895063783840000404e-01,-3.777041618800001110e-01,-3.904287720679999185e-01,-4.013648974520001023e-01,-3.762106328719998505e-01,-3.522943119999999428e-01,-3.295356750119999845e-01,-3.108294672520000024e-01,-3.100901793640000181e-01,-3.110745244000000520e-01,-2.704782104399999776e-01,-2.458845527200000103e-01,-2.299963384400000033e-01,-2.151048276239999890e-01,-1.971893308400000377e-01,-1.611262516399999956e-01,-1.562356563600000303e-01,-1.559330744799999890e-01,-1.533224491600000128e-01,-1.573007206400000024e-01,-1.436050412800000398e-01,-1.230607602000000078e-01,-1.338859563199999714e-01,-1.190347292800000151e-01,-9.184090404166667110e-02,-6.051969512083333474e-02,-2.208312366249999548e-02,-1.648147525320000154e-02
-3.341564947239999972e-01,-4.063732908400000121e-01,-4.373747267600000543e-01,-4.508908083200000028e-01,-4.602341649999999729e-01,-4.978470812499999343e-01,-4.917930603999998707e-01,-4.920098863999999850e-01,-5.014949031200000018e-01,-5.156587191999999487e-01,-5.117564376000000026e-01,-5.109689307999999430e-01,-4.959941136799999595e-01,-4.910719302800000685e-01,-4.896998601159999742e-01,-5.002349870400000231e-01,-4.737921148799998927e-01,-4.832664478400000019e-01,-4.910330231999999739e-01,-5.070730584399999463e-01,-4.952510075599998451e-01,-4.795851123599998989e-01,-4.880851756799999275e-01,-4.937792984000000662e-01,-4.499221791760000255e-01,-4.098338314799999660e-01,-3.885205074560000305e-01,-3.701704405600000358e-01,-3.649235534000000447e-01,-3.646324149360000155e-01,-3.233410638399999981e-01,-2.886193849999999506e-01,-2.808319090799999418e-01,-2.672940058400000152e-01,-2.511964418800000098e-01,-2.060145565599999506e-01,-1.986917108399999798e-01,-1.984483346799999492e-01,-1.800999642499999942e-01,-1.871182258399999576e-01,-1.609834291599999967e-01,-1.461083982000000170e-01,-1.635992435200000483e-01,-1.532669076399999775e-01,-1.119275095708333195e-01,-7.810656214166665501e-02,-2.501932796666665737e-02,-3.840636695999996054e-03
-3.279312129199999370e-01,-4.130630492400000908e-01,-4.451409913199999013e-01,-4.664758306799998699e-01,-4.776784586250001907e-01,-5.241421054166666149e-01,-5.100878883999999669e-01,-5.040560920000000111e-01,-5.176309223999999709e-01,-5.302944964000000372e-01,-5.311761452000001160e-01,-5.299221799999999094e-01,-5.247920245199999556e-01,-5.223916633999999837e-01,-5.369151306400001822e-01,-5.441572591200000142e-01,-5.219906614799999511e-01,-5.391990639999999502e-01,-5.496884152000000023e-01,-5.707954431200000789e-01,-5.633911113199999710e-01,-5.516441346799999534e-01,-5.508030686799999520e-01,-5.681332404000000169e-01,-5.140673830799999955e-01,-4.567570495199999581e-01,-4.307308961159999061e-01,-4.047215265599999889e-01,-3.945059199199999478e-01,-3.900808718399998987e-01,-3.509054565360000266e-01,-3.182133493599998975e-01,-3.193319692000000098e-01,-3.046046437200000123e-01,-2.831448367120000253e-01,-2.322721870400000221e-01,-2.198301698399999782e-01,-2.175248718399999948e-01,-2.079550180799999981e-01,-1.980947869999999944e-01,-1.730143724799999838e-01,-1.541601563599999947e-01,-1.571726992799999945e-01,-1.535501102599999834e-01,-1.310319519439999969e-01,-8.367217989600000960e-02,-2.432937644000000496e-02,1.106719932800000195e-02
