2.855616991599999738e-02,2.830657965057142844e-02,2.774625494571428611e-02,2.391608102285714202e-02,1.913005278571429033e-02,1.361650734057142861e-02,8.947971874057141645e-03,3.742544983714285369e-03,-1.205771301657142854e-03,-8.103397916571428161e-03,-1.034698492228571659e-02,-1.261280609142857202e-02,-1.348299297571428634e-02,-1.409454351885714232e-02,-1.433988307142857431e-02,-1.381552554571428316e-02,-1.452375130571428342e-02,-1.483361380771428505e-02,-1.527611866428571497e-02,-1.462663925657142587e-02,-1.457824703342856971e-02,-1.467415949542857229e-02,-1.416484289885714017e-02,-1.344375606057142923e-02,-1.237738473657143227e-02,-9.187752903142856059e-03,-8.014351999999998893e-03,-7.512010850142856674e-03,-5.967276491142856076e-03,-5.278887029428569293e-03,-4.450552823142856808e-03,-5.324227428428572086e-03,-5.241503046657144081e-03,-3.327069986000000604e-03,-2.436610636285713432e-03,-2.583313016628571192e-03,-1.616232741428571531e-03,3.307887511428572692e-04,2.831922253428571269e-03,5.034964484285715108e-03,7.780347557999996860e-03,1.142480023648571180e-02,1.154458174000000045e-02,-9.815216028571429815e-03,-4.876817944571428670e-02,-7.560642816000000266e-02,-9.146510545871427977e-02,-1.226142883685714252e-01
3.009992306285714375e-02,3.409064156571427889e-02,3.278296336285713847e-02,2.952542977714285588e-02,2.429722378285714343e-02,1.646248952057142653e-02,8.594512855428572060e-03,5.852838571428559057e-05,-7.725197914285713598e-03,-1.614892140057143030e-02,-1.987054009114285966e-02,-2.259619582285714301e-02,-2.368109575714285112e-02,-2.333079748285714350e-02,-2.336850844857142964e-02,-2.245254519142857175e-02,-2.299673899714285361e-02,-2.308240617742857159e-02,-2.353068755428572301e-02,-2.345591958571428826e-02,-2.421308241142856518e-02,-2.435662405714286369e-02,-2.311117992114285896e-02,-2.182420997428571180e-02,-1.913005280028571425e-02,-1.539110457428571194e-02,-1.194774086571428855e-02,-9.951455278000001167e-03,-7.941872759999999559e-03,-6.133052239999999856e-03,-4.535675064857141656e-03,-3.997911698000000506e-03,-3.732081857142857065e-03,-1.910727350285714582e-03,-1.205662312571428732e-03,-7.734026557142861108e-04,-2.865382402857145298e-04,1.332419241999999735e-03,3.564126174285714693e-03,6.636047337714286176e-03,9.710584388571428041e-03,1.314054219474285710e-02,1.270250596857142901e-02,-1.260539441428571578e-02,-5.238549380714286469e-02,-8.373380431714286254e-02,-1.031855987999999863e-01,-1.381605961485714018e-01
4.500285559371427352e-02,4.360220774857143100e-02,4.329779494000000201e-02,4.055982330857142021e-02,3.419592725199999822e-02,2.362093242571429094e-02,8.827754405714286975e-03,-2.891758511428570849e-03,-1.298882616162857009e-02,-2.514125275428571310e-02,-3.002853387999999957e-02,-3.355505807714286026e-02,-3.487668725714285212e-02,-3.396889818571428854e-02,-3.378786358571429088e-02,-3.258274619371429037e-02,-3.266895842571428815e-02,-3.236705234285715271e-02,-3.200748984285714527e-02,-3.191670005714286606e-02,-3.270895825714285887e-02,-3.233228414285714558e-02,-3.074406220000000522e-02,-2.911965504857142589e-02,-2.643607000285714409e-02,-2.289842871657142565e-02,-1.910389486857142979e-02,-1.596973961828571098e-02,-1.299950727942857098e-02,-1.031951904485714673e-02,-7.762473000257143034e-03,-6.263405931428571959e-03,-5.144609701428570249e-03,-3.321293430114285235e-03,-2.051435212799999734e-03,-1.852308010657142696e-03,-1.514434869714286098e-03,9.676252131142858278e-04,3.316388824514284947e-03,7.162257596285713512e-03,1.041946410799999764e-02,1.408615109171428535e-02,1.354849673428571571e-02,-1.688897263714285099e-02,-5.768683290285715054e-02,-9.478574490285714138e-02,-1.162127902142857105e-01,-1.556372510685714028e-01
5.494352089228572017e-02,4.968882955714286342e-02,4.799216146000001570e-02,4.498890434857143183e-02,3.384192332285714672e-02,2.108655656857142888e-02,4.882267574285712765e-03,-8.107103544857142963e-03,-1.986214775714285896e-02,-3.309838437428571506e-02,-3.797378548571429119e-02,-4.215796334285715208e-02,-4.363937385714285189e-02,-4.301714216857143586e-02,-4.307556156285714810e-02,-4.148777556571427855e-02,-4.103557042857142179e-02,-4.095001217142857364e-02,-4.138227185714286188e-02,-4.131240842857141632e-02,-4.149180828571428364e-02,-4.140374334285713137e-02,-3.949247082857143543e-02,-3.774533954285713699e-02,-3.451243802857142939e-02,-3.035311028285715002e-02,-2.549035215942856494e-02,-2.189876009828571612e-02,-1.794553484485714515e-02,-1.445214406514285822e-02,-1.079831808285714595e-02,-8.763013543799999874e-03,-7.121276885142855881e-03,-4.803793758457143223e-03,-3.317478723428570961e-03,-3.218405556514285747e-03,-2.728707420285713271e-03,-7.618495785714284952e-04,2.141680023714285716e-03,5.732182114857142623e-03,9.041050507428571512e-03,1.359045853142857446e-02,1.363252907999999881e-02,-2.199968613428571196e-02,-6.555132185657142063e-02,-1.071594239428571432e-01,-1.304777972085714444e-01,-1.744894844571428794e-01
6.794804200857140764e-02,5.873663742285716027e-02,5.406766638199999447e-02,4.820480331428573378e-02,3.421848840857141805e-02,1.619556968228571744e-02,-2.254922031428571033e-03,-1.775567189428571210e-02,-3.102885659457143772e-02,-4.644949755600000924e-02,-5.276358448571429743e-02,-5.734361908571428135e-02,-5.992398942857141836e-02,-5.877511162857142896e-02,-5.925434651428572452e-02,-5.692814419999999570e-02,-5.657806399999998348e-02,-5.667746400000002460e-02,-5.584684097142856435e-02,-5.528804228571430196e-02,-5.472019739999999660e-02,-5.418385094285713827e-02,-5.239628377142857563e-02,-5.076097757142857686e-02,-4.727957588571429087e-02,-4.296253754285714321e-02,-3.731438768857141958e-02,-3.244203841999999255e-02,-2.698669428000000092e-02,-2.346180508571428860e-02,-1.963795257714285453e-02,-1.654826569142857362e-02,-1.408255447077142765e-02,-1.167951310685713846e-02,-1.111025130748571031e-02,-1.186512541971428310e-02,-1.087079728015714376e-02,-8.643777062857141424e-03,-5.536106655971428925e-03,-1.239885621142856583e-03,4.082598013428570538e-03,1.079613823999999930e-02,6.772395494285714419e-03,-3.493205488857142188e-02,-8.616758091999998648e-02,-1.398533407142857066e-01,-1.650921317941176636e-01,-2.219835556000000487e-01
7.002312797914286846e-02,6.188866736200001467e-02,5.715528221999999908e-02,4.974844807142856512e-02,3.208269388857143412e-02,1.059995385111428545e-02,-9.996577661428572917e-03,-3.001425615371428740e-02,-4.818017124285715186e-02,-6.723316720571427541e-02,-7.541907234285712136e-02,-8.280497980000001146e-02,-8.521259888571426633e-02,-8.529815711428574698e-02,-8.587363108571428871e-02,-8.163800934285715682e-02,-7.963518391428570098e-02,-7.694026402857140345e-02,-7.676097337142857857e-02,-7.620664362857140772e-02,-7.498942808571427976e-02,-7.457188202857144288e-02,-7.291575797142858806e-02,-7.019282717142857897e-02,-6.646641322857142764e-02,-6.092006145714285587e-02,-5.455387671428571505e-02,-4.901133948571426840e-02,-4.269768851428571571e-02,-3.708136422857143816e-02,-3.127801072571428226e-02,-2.570615490465713582e-02,-2.158421112285714705e-02,-1.773616253857142680e-02,-1.654325218571428904e-02,-1.582031247742857194e-02,-1.406053813657142867e-02,-1.078414918857142739e-02,-7.435280885714285609e-03,-2.867889390285714105e-03,3.148869093200000122e-03,9.165845638571428963e-03,-2.237265342857144585e-03,-5.725479124857141972e-02,-1.173275543142856953e-01,-1.804175241142857156e-01,-2.269444324545454583e-01,-2.405412925714285055e-01
7.396447281714285671e-02,6.733474731428572280e-02,6.223013764285713345e-02,5.277677277028571673e-02,3.172302260285713577e-02,6.101662828571429234e-03,-1.884907310828571464e-02,-4.261485506542857238e-02,-6.311809040857144226e-02,-8.265468057142856539e-02,-9.178750131428570214e-02,-9.982452365714283848e-02,-1.043509350285714010e-01,-1.049688066000000058e-01,-1.070320135142857065e-01,-1.062044416285714415e-01,-1.059659681714285595e-01,-1.047939842857142784e-01,-1.035039623999999964e-01,-1.024632045714285733e-01,-1.017835343428571682e-01,-9.987346097142854595e-02,-9.485473634285715439e-02,-8.857410940000000343e-02,-8.188759939999998294e-02,-7.642408097142856793e-02,-6.912340442857142775e-02,-6.242000034285715565e-02,-5.537218354285713268e-02,-4.994419645714286149e-02,-4.416874473714284266e-02,-3.750152595714286580e-02,-3.261675142514286474e-02,-2.849186491771428520e-02,-2.670920236571428311e-02,-2.427117484285714125e-02,-2.230355400571428295e-02,-1.871871943999999996e-02,-1.563644409257142903e-02,-1.094698224285714158e-02,-5.872235990571426922e-03,-3.221348132000001821e-03,-2.080350586571428489e-02,-8.763929086857143169e-02,-1.537631444000000236e-01,-2.264924484242424041e-01,-2.910425737419354286e-01,-9.746988285714290601e-03
7.701568607428573021e-02,7.039544213199998290e-02,6.354936884685714882e-02,5.242821806857142497e-02,2.755344933142856931e-02,-9.085517571428572631e-04,-2.767606460285714637e-02,-5.402570441714286964e-02,-7.565580123142856550e-02,-9.438825325714282621e-02,-1.035064697142857315e-01,-1.115147182285714245e-01,-1.160966059142857082e-01,-1.162254333714285992e-01,-1.179719112571428613e-01,-1.174256461714285882e-01,-1.173185075714285736e-01,-1.160260885714285567e-01,-1.148920330857143013e-01,-1.150920325714285541e-01,-1.148934499142857113e-01,-1.130960732571428817e-01,-1.074858525428571548e-01,-1.022869657428571166e-01,-9.722529745714285354e-02,-9.231403880000001172e-02,-8.432322922857143910e-02,-7.671595957142855748e-02,-6.961332042857143465e-02,-6.248594014285713261e-02,-5.604782097142856773e-02,-4.746802188285714069e-02,-4.187207899999999261e-02,-3.880898604857144912e-02,-3.778795520285713194e-02,-3.528965537999999985e-02,-3.354252400857142546e-02,-3.003670833142856045e-02,-2.750211444571428257e-02,-2.386823378857142949e-02,-1.912918083142857786e-02,-2.032002040571428622e-02,-4.583184402000001212e-02,-1.209317889942857077e-01,-1.919091166588235142e-01,-2.802513836250000168e-01,-4.373576693103448793e-02,3.577965868571428842e-01
8.017774294285714975e-02,7.052416109971430813e-02,6.013957389142857851e-02,4.521364511714286161e-02,1.853659492371427867e-02,-1.058752873428571439e-02,-3.821487439714285617e-02,-6.629900238285713066e-02,-8.648975897714286654e-02,-1.025986805428571597e-01,-1.108724325428571134e-01,-1.196050367428571487e-01,-1.245742796000000041e-01,-1.242305213142857051e-01,-1.261620654571428968e-01,-1.256029404285714246e-01,-1.258270269142857112e-01,-1.253740584857142570e-01,-1.245585858571428700e-01,-1.246566777142857074e-01,-1.241920464571428795e-01,-1.224457884000000052e-01,-1.179352896285714852e-01,-1.136912744000000419e-01,-1.097387032571428556e-01,-1.056702755428571283e-01,-9.847640968571426401e-02,-9.125562334285713950e-02,-8.396028757142856569e-02,-7.773513791428571240e-02,-7.149974288571429859e-02,-6.432102745714286807e-02,-5.755833214857142277e-02,-5.234701972285715071e-02,-5.074898848571429005e-02,-4.485299249714286285e-02,-4.042489185600001145e-02,-3.670981271714286037e-02,-3.487952094285712984e-02,-3.294743132228571819e-02,-3.091321670285713738e-02,-3.767623883428572462e-02,-7.142530139428572566e-02,-1.534263384411764519e-01,-2.245232545151515657e-01,-2.152317700000000791e-02,3.039776052857142696e-01,4.334169649999999874e-01
7.469994696542857360e-02,6.466936343142855315e-02,5.236238759742858212e-02,3.663973141999998795e-02,8.483668800000005242e-03,-2.105157035799999979e-02,-4.822507583428572303e-02,-7.672718580571429026e-02,-9.535184612857139363e-02,-1.098158704571428196e-01,-1.180380692571428303e-01,-1.269754680571428540e-01,-1.317802427142856780e-01,-1.314236235428571375e-01,-1.330392020000000508e-01,-1.333775115428571245e-01,-1.338918415142857365e-01,-1.341960364285714469e-01,-1.336284092857142891e-01,-1.329618176857142453e-01,-1.327147344857142475e-01,-1.320213315714285629e-01,-1.278575353714285212e-01,-1.238718309714285648e-01,-1.209292812571428344e-01,-1.160308844285714430e-01,-1.106600077428571416e-01,-1.041551868857142765e-01,-9.549124597142855109e-02,-8.915034705714282304e-02,-8.270852214285713544e-02,-7.479106345714287007e-02,-6.799240108571429075e-02,-6.171602522857142642e-02,-5.979548860000000188e-02,-5.511060440857142029e-02,-5.012828283714284433e-02,-4.773178087714286671e-02,-4.626443057428571842e-02,-4.569026400857142262e-02,-4.513451710771426706e-02,-5.302734388285713224e-02,-9.337071031999999438e-02,-1.772410440882353222e-01,-2.658719377333333411e-01,2.625418074000000490e-01,4.418149395454545325e-01,8.164621586206897152e-01
6.793016686857142328e-02,5.765032066285714213e-02,4.430759993714284556e-02,2.807279308285714342e-02,-2.962384285714296929e-04,-3.144487622285714601e-02,-5.762263670285713152e-02,-8.487080117142856150e-02,-1.031273977085714333e-01,-1.163834714428571560e-01,-1.250463212857142736e-01,-1.350917275142857754e-01,-1.396908346857143324e-01,-1.395937239142857056e-01,-1.408073416571428704e-01,-1.413888117428571678e-01,-1.418146406857143105e-01,-1.418667382857142778e-01,-1.412618364571428808e-01,-1.410079950857142661e-01,-1.409878327428571443e-01,-1.396610804285714769e-01,-1.356256761999999894e-01,-1.326210026857142787e-01,-1.297831941428571612e-01,-1.247584754857142403e-01,-1.187484742000000093e-01,-1.131697522285714241e-01,-1.065499434285714642e-01,-1.009180344571428412e-01,-9.533582439999997715e-02,-8.802697328571429392e-02,-8.185152305714284149e-02,-7.513482225714285256e-02,-7.018410825714285761e-02,-6.362871434285712058e-02,-5.743310119428570587e-02,-5.376063753142857476e-02,-5.171258105714285347e-02,-5.195345202857143407e-02,-5.269753606857142253e-02,-6.879316057714285337e-02,-1.236325943514285375e-01,-2.105597360571428156e-01,-2.428416595483870732e-01,6.634635883999999706e-01,9.395288152631576795e-01,1.182608601428571271e+00
6.295220530571429829e-02,5.309110370571427234e-02,3.812016059714285615e-02,2.051293490177142145e-02,-9.088461865142859197e-03,-3.917497890885714845e-02,-6.601017551428572938e-02,-9.244940588571429196e-02,-1.102770127085714175e-01,-1.227685107971428630e-01,-1.312947960000000469e-01,-1.418091912285714407e-01,-1.466417578857142356e-01,-1.464939655428571241e-01,-1.469939098857142579e-01,-1.477805002285713931e-01,-1.482427319428571699e-01,-1.475827899999999637e-01,-1.469984868571428405e-01,-1.469486776857142907e-01,-1.472688951999999996e-01,-1.462465561142856918e-01,-1.422079902857142919e-01,-1.393648411428571599e-01,-1.359964648571428125e-01,-1.316776828571428748e-01,-1.254583088285714521e-01,-1.213085724857142916e-01,-1.160736076571428493e-01,-1.103031704285714343e-01,-1.057305465142857337e-01,-1.002757484000000171e-01,-9.377016382857142340e-02,-8.652354680000000353e-02,-8.038155697142854161e-02,-7.297178002857143686e-02,-6.702760971428571579e-02,-6.393236448571429364e-02,-6.245160782857143988e-02,-6.325236748571426426e-02,-6.746455594285713508e-02,-9.184428634285711490e-02,-1.525150832571428305e-01,-1.891568109999999803e-01,-2.204472632142856839e-02,7.600587510526315427e-01,1.176718479999999900e+00,1.489192664999999804e+00
5.957979528571426264e-02,4.666246676514285846e-02,2.900270742857144132e-02,1.172060308628571253e-02,-1.667055379571428381e-02,-4.595609363142857950e-02,-7.201091228571428193e-02,-9.757646854285714766e-02,-1.143848970171428558e-01,-1.277942104457142625e-01,-1.371419628200000185e-01,-1.469021385999999540e-01,-1.519619529999999830e-01,-1.523102894571428112e-01,-1.531018933142856975e-01,-1.537805830857142675e-01,-1.542066298857142914e-01,-1.544852111428571817e-01,-1.520199371428571089e-01,-1.517129079999999519e-01,-1.518371571428571432e-01,-1.520674571428571042e-01,-1.485936851428571182e-01,-1.456798017142857116e-01,-1.430660794285714688e-01,-1.380797245714285304e-01,-1.323971339714285766e-01,-1.271399365714286078e-01,-1.225119449714285741e-01,-1.178461355999999710e-01,-1.141577585714285692e-01,-1.109048031999999850e-01,-1.043668473428571164e-01,-9.738518865714286543e-02,-9.205921668571426242e-02,-8.384290411428571566e-02,-7.865164639999998319e-02,-7.458942922857142444e-02,-7.275074531428571412e-02,-7.360371171428570225e-02,-7.903464177142857650e-02,-1.051880983142857023e-01,-1.695601329885714492e-01,-2.004070269062500076e-01,4.140284633461538411e-01,1.272422788749999922e+00,1.990634041538462018e+00,1.578997096923077104e+00
5.683244994285715362e-02,4.112679630857142554e-02,2.319183346771427207e-02,5.153655940285716518e-03,-2.287074506857143114e-02,-5.131301885714286554e-02,-7.699116271428570191e-02,-1.019090928285714681e-01,-1.165371482800000025e-01,-1.294219978199999954e-01,-1.400472370999999716e-01,-1.498262683714285670e-01,-1.556614457142857511e-01,-1.568284174285713983e-01,-1.586478092857143418e-01,-1.594197958285714090e-01,-1.587647573428571102e-01,-1.588990345714285934e-01,-1.565462394285714043e-01,-1.541506088571429067e-01,-1.538934974285714186e-01,-1.544046674285714238e-01,-1.525251111428571338e-01,-1.520169937142857863e-01,-1.494918811428571359e-01,-1.457981648571428646e-01,-1.414433067428571278e-01,-1.379068648285714793e-01,-1.339292259428571386e-01,-1.279478898285713873e-01,-1.256220136857142400e-01,-1.211989272857142974e-01,-1.159416202000000257e-01,-1.090265543714285523e-01,-1.012969966285714174e-01,-9.357452408571428903e-02,-8.628605437142859713e-02,-8.225533577142855879e-02,-8.017981365714287045e-02,-7.953578380000002335e-02,-8.747351534857143729e-02,-1.186653138885714331e-01,-1.896905606969696845e-01,-2.063944565862069203e-01,7.967679691666667008e-01,1.337565104444444319e+00,2.366528650000000233e+00,1.930897054799999957e+00
5.073089621657143194e-02,3.221795180285714350e-02,1.482293262259999980e-02,-3.048705942857142265e-03,-3.103888358000000611e-02,-5.651408604857142276e-02,-8.117065425714287130e-02,-1.028496873428571268e-01,-1.184981207514285845e-01,-1.323076523428571571e-01,-1.443273275771428110e-01,-1.543591092942857290e-01,-1.611486164000000554e-01,-1.634269714000000095e-01,-1.641652786571428935e-01,-1.648401531714285551e-01,-1.645967747428571104e-01,-1.632109517142857347e-01,-1.619167877142857204e-01,-1.590772351428571263e-01,-1.587279185714285668e-01,-1.594270971428571604e-01,-1.593381605714285776e-01,-1.599007745714285389e-01,-1.566856382857143015e-01,-1.526737751428571821e-01,-1.487313409999999891e-01,-1.456829618857142794e-01,-1.404378623428571837e-01,-1.351909089428571520e-01,-1.321429665714285995e-01,-1.305581232285714099e-01,-1.248729166857142497e-01,-1.187603541142857044e-01,-1.125719350857142947e-01,-1.058119638571428656e-01,-9.920850425714282383e-02,-9.384536742857141345e-02,-8.968865551428570337e-02,-8.985889990857143239e-02,-1.009015767285714044e-01,-1.327687948285714292e-01,-2.000631097812499426e-01,-2.872821671481482486e-01,7.401555433333332212e-01,1.362796399000000047e+00,2.547246111428570714e+00,1.928706750999999997e+00
4.834017086857141793e-02,2.774287613428571414e-02,8.900560584857141952e-03,-6.665257068571430604e-03,-3.641488200571429273e-02,-6.109793522514286868e-02,-8.730196319428570884e-02,-1.070268906857142904e-01,-1.220530913828571234e-01,-1.359632220571428685e-01,-1.480644218571428861e-01,-1.583414350171428453e-01,-1.652764459028571442e-01,-1.680052629142857190e-01,-1.696154999142857056e-01,-1.715580522285714282e-01,-1.714759825428571194e-01,-1.703616551428571713e-01,-1.684052602857142866e-01,-1.661022731428571375e-01,-1.662393839999999900e-01,-1.671315868571428553e-01,-1.669736591428571393e-01,-1.668754571428571754e-01,-1.641382485714285577e-01,-1.612954268571428484e-01,-1.584047588571428633e-01,-1.544102260000000115e-01,-1.505311154285714215e-01,-1.445477074285714536e-01,-1.413105554285714605e-01,-1.383877351428571267e-01,-1.323717393142857246e-01,-1.254555835714285805e-01,-1.174890785999999909e-01,-1.129817412857142683e-01,-1.056435716571428457e-01,-9.986964691428569518e-02,-9.655587318285713261e-02,-9.762115428571425946e-02,-1.128613061371428472e-01,-1.453480308728571091e-01,-2.101658780000000282e-01,-2.096131370869565302e-01,1.123632256363636506e+00,1.256587974444444367e+00,1.390281132857142721e+00,2.353217750869565528e+00
4.796589465142856584e-02,2.506801042571427801e-02,7.974461062857143498e-03,-8.280072963428570729e-03,-3.490611479342856094e-02,-6.214588703714286205e-02,-8.818185011142858076e-02,-1.098873682428571363e-01,-1.260496967142857028e-01,-1.418706624857143106e-01,-1.548362730857142933e-01,-1.639286588857142846e-01,-1.693475995085714225e-01,-1.714438300857142050e-01,-1.737849647428571231e-01,-1.754700797142857149e-01,-1.755585805999999860e-01,-1.745019091428571534e-01,-1.727907454285714517e-01,-1.710600720000000075e-01,-1.711453017142856858e-01,-1.712008885714285666e-01,-1.704887391428571430e-01,-1.699144642857142729e-01,-1.670640128571428684e-01,-1.651026045714285573e-01,-1.622776571428571346e-01,-1.575060159999999709e-01,-1.553574700000000253e-01,-1.492238731428571774e-01,-1.462187631428571166e-01,-1.429068421428571767e-01,-1.393853331428571429e-01,-1.352698193142856942e-01,-1.282090325142857257e-01,-1.246674674857142923e-01,-1.189736501428571708e-01,-1.121913372000000048e-01,-1.088087897714285629e-01,-1.066316871150571610e-01,-1.259952008228571452e-01,-1.631944324735293828e-01,-2.350946154999999926e-01,3.471523627272726786e-01,9.153931949999999373e-01,1.428693293750000093e+00,1.914440997777777653e+00,2.631886400454545694e+00
4.052331123428570825e-02,1.945125042600000242e-02,2.120317613142860737e-03,-1.376429974000000292e-02,-3.938097269714285059e-02,-6.743567325374286159e-02,-9.288024899714286686e-02,-1.152416778485714222e-01,-1.295391623714285678e-01,-1.445560996857142844e-01,-1.562270029428571294e-01,-1.640355799142857174e-01,-1.705477029428571767e-01,-1.733112881714286013e-01,-1.760668075999999582e-01,-1.791873383714285561e-01,-1.796070646571428508e-01,-1.777998791428571090e-01,-1.771929054285714400e-01,-1.730418617142857329e-01,-1.729682928571428246e-01,-1.726133071428571641e-01,-1.726070959999999876e-01,-1.727728708571428518e-01,-1.706344605714285867e-01,-1.701245991428571303e-01,-1.687434599999999563e-01,-1.631053379999999609e-01,-1.608002794285714465e-01,-1.552198131428570993e-01,-1.529044011428571104e-01,-1.496544974285713980e-01,-1.452703205714285517e-01,-1.414178029142857118e-01,-1.370550972571428217e-01,-1.337152747142857090e-01,-1.282550263142856750e-01,-1.221209932857142411e-01,-1.194750102571428552e-01,-1.171526218771428429e-01,-1.436035160828571244e-01,-1.830190770705881764e-01,-1.052092064666667048e-01,1.632152150555555292e-01,1.215052173381818257e+00,1.709405524999999981e+00,1.913836345714285514e+00,2.217016848571428334e+00
3.840866091142857569e-02,1.568941386857142586e-02,-5.560739917142852639e-04,-1.599328152285714455e-02,-4.139883839428571549e-02,-6.904743771714286216e-02,-9.379861031428571305e-02,-1.151209157837142921e-01,-1.301200862114286205e-01,-1.449373513428571514e-01,-1.591972352571427995e-01,-1.673771450514285886e-01,-1.737742823999999520e-01,-1.777397159142856953e-01,-1.821981161714285868e-01,-1.853860046571429165e-01,-1.860827850571428743e-01,-1.850201188571428956e-01,-1.839763099999999763e-01,-1.800656997142857096e-01,-1.793235782857142968e-01,-1.799452645714285648e-01,-1.791666311428571912e-01,-1.783780774285713966e-01,-1.753814694285714681e-01,-1.755411417142856978e-01,-1.745651251428571304e-01,-1.683571948571428445e-01,-1.662899559999999888e-01,-1.619293208571428999e-01,-1.600864948571429081e-01,-1.555962697142857509e-01,-1.512331288571428511e-01,-1.489290509142857100e-01,-1.451613291142857254e-01,-1.396408078000000164e-01,-1.358203340857142838e-01,-1.299489695714286241e-01,-1.282476150285714600e-01,-1.279953000857143308e-01,-1.599372867999999948e-01,-2.027481302647058947e-01,-1.337694232592592791e-01,3.641934098235293793e-01,5.782923675000000152e-01,9.168303342857143656e-01,1.264285282000000121e+00,1.873625014444444625e+00
3.737062684085714487e-02,1.859272539142856756e-02,2.916281417142858618e-03,-1.146828784942857324e-02,-3.756910045714285939e-02,-6.595208287999999863e-02,-9.344504189428570751e-02,-1.186122346857142879e-01,-1.335086272114285877e-01,-1.463181637714285888e-01,-1.599771769371428620e-01,-1.700655249257142787e-01,-1.772290915428571811e-01,-1.811701087428571333e-01,-1.845888412571428938e-01,-1.888089861714286888e-01,-1.903211325428571798e-01,-1.897862026285714321e-01,-1.894793919999999965e-01,-1.874921519999999953e-01,-1.869953705714285097e-01,-1.875391280000000271e-01,-1.869320465714285617e-01,-1.859503605714286356e-01,-1.818745194285714406e-01,-1.808349617142857302e-01,-1.808077137142857227e-01,-1.748765137142857251e-01,-1.725228448571428097e-01,-1.675860811428571406e-01,-1.651769368571428531e-01,-1.600741800000000103e-01,-1.554416120571428250e-01,-1.541695739428571299e-01,-1.501330798285714363e-01,-1.462250846571428453e-01,-1.423351840571428772e-01,-1.378961843142856580e-01,-1.394445147142857055e-01,-1.416446142571428646e-01,-1.775582449714285527e-01,-2.215706318352940740e-01,-1.564543568928571105e-01,1.860567634666666637e-01,8.447194050000000898e-01,1.364888496666666784e+00,2.671101381999999802e+00,2.470824315384615666e+00
3.434807910971429679e-02,1.629573286000000204e-02,2.596936879999999729e-03,-1.143068599714285559e-02,-3.687994803142857075e-02,-6.655665884714286051e-02,-9.545484231014285392e-02,-1.184688023714285665e-01,-1.350771218000000329e-01,-1.480287821942856685e-01,-1.614639275228571258e-01,-1.725032260371428261e-01,-1.795992168285713841e-01,-1.840180533142856956e-01,-1.881296429142856885e-01,-1.924704412571428547e-01,-1.942270553142857459e-01,-1.935061866571428646e-01,-1.947416040000000126e-01,-1.931513102857143060e-01,-1.921763834285714623e-01,-1.928491871428570925e-01,-1.926662994285714414e-01,-1.905640737142857144e-01,-1.859850202857142865e-01,-1.849233357142857359e-01,-1.854085657142857391e-01,-1.786084862857142963e-01,-1.758041379999999709e-01,-1.711960931428571919e-01,-1.679047722857142932e-01,-1.628402711142857284e-01,-1.591002339714285840e-01,-1.614689417142857186e-01,-1.588953289428571836e-01,-1.547038494571428835e-01,-1.521728518000000363e-01,-1.482198448285713954e-01,-1.499983655428571705e-01,-1.523991181142856921e-01,-1.921444483999999731e-01,-2.361331125757576421e-01,-2.288415679999999675e-01,2.205907719090909047e-01,2.935661320000000352e-01,4.689559999999999840e-01,2.101828585000000249e+00,2.910933958124999776e+00
3.471646980000001048e-02,1.743087794857143061e-02,3.836822292285713143e-03,-1.184550701714285649e-02,-3.720866591428572540e-02,-6.785550775142858149e-02,-9.742823971428571372e-02,-1.224210462200000238e-01,-1.374253399828571642e-01,-1.495071412885713991e-01,-1.630186899828571512e-01,-1.729224070000000557e-01,-1.799074441142856917e-01,-1.837528779428571346e-01,-1.868946622285714287e-01,-1.927638461428571037e-01,-1.967870447428571590e-01,-1.968210496857142611e-01,-1.978510177142857596e-01,-1.976278037142857325e-01,-1.969440997142856975e-01,-1.978525437142856780e-01,-1.963724399999999815e-01,-1.921200345714285940e-01,-1.891683308571428801e-01,-1.877776008571429012e-01,-1.870366785714285551e-01,-1.791087554285714367e-01,-1.774244031428571511e-01,-1.728531968571428989e-01,-1.704600748571428459e-01,-1.631274634285714009e-01,-1.595092774285714055e-01,-1.625538416000000264e-01,-1.595839353714286202e-01,-1.560651502000000301e-01,-1.538096838571428870e-01,-1.528190613714285606e-01,-1.566279825714285701e-01,-1.611971172285714682e-01,-2.014444620085714122e-01,-1.914505226060606302e-01,-1.651705933200000309e-01,1.415592150999999688e-01,7.249746274999999684e-01,9.286308300000000182e-01,2.125980399999999992e+00,3.506263692000000098e+00
3.076455228571429307e-02,1.673235195714285750e-02,3.193882635999999511e-03,-1.433443342857142720e-02,-3.951982748571428866e-02,-7.017538870857142896e-02,-9.895346471999998117e-02,-1.240178785514285675e-01,-1.401963372314285472e-01,-1.515604298114285875e-01,-1.652571541428571600e-01,-1.759894235142857588e-01,-1.816712513714285882e-01,-1.871503557714285504e-01,-1.912925709714286271e-01,-1.970072060285714133e-01,-2.003954196571428592e-01,-1.990788056571428655e-01,-2.005796165428571087e-01,-2.007424491428571600e-01,-1.998029431428571534e-01,-2.000684474285713832e-01,-1.988146091428571183e-01,-1.962523325714285727e-01,-1.921975271428571497e-01,-1.898619520000000005e-01,-1.891167780000000131e-01,-1.821626928571428716e-01,-1.801491874285714723e-01,-1.757472451428571114e-01,-1.724445891428571520e-01,-1.667421608571428848e-01,-1.627924239999999911e-01,-1.656467985714285274e-01,-1.624567301428571364e-01,-1.588309146000000116e-01,-1.586269924857143243e-01,-1.570165354285714410e-01,-1.622998919142857599e-01,-1.688886372571428429e-01,-1.544796536571428347e-01,-9.231477632352938500e-02,-3.665864988461538243e-02,1.312411627500000011e-01,3.483095200000000391e-01,5.639858349999999909e-01,nan,3.065759667500000063e+00
2.720260650857142873e-02,1.465050830485714606e-02,3.385272057142856461e-04,-1.771796073999999666e-02,-4.376307909428570064e-02,-7.294355082285713943e-02,-1.013754699428571354e-01,-1.246407648868571166e-01,-1.413160049622857461e-01,-1.518426078542856883e-01,-1.657371518571428837e-01,-1.749532430571428265e-01,-1.810660225714285643e-01,-1.864062707999999680e-01,-1.897790091142857183e-01,-1.969148910857143053e-01,-1.990276879142857114e-01,-1.997526987142856925e-01,-2.009246820000000211e-01,-2.017165051428571609e-01,-1.999073580000000072e-01,-1.998437065714285532e-01,-1.989451808571428559e-01,-1.959548951428571328e-01,-1.924024303999999908e-01,-1.899093634285713705e-01,-1.883179802857143093e-01,-1.820384428571428514e-01,-1.789534425714285615e-01,-1.743495402857142829e-01,-1.708680288571428618e-01,-1.641230988571427962e-01,-1.621164595142856879e-01,-1.646761211142857284e-01,-1.623098099714285758e-01,-1.584263390857142684e-01,-1.581065581999999969e-01,-1.587550579428571029e-01,-1.669345303428571570e-01,-1.767284937999999417e-01,-1.587705346285714636e-01,-2.076413474193548533e-02,9.803489703703701513e-03,3.830014746153845850e-01,2.295478920000000311e-01,5.370731549999999688e-01,nan,2.538387734444444543e+00
3.014286594171428080e-02,1.376702438000000119e-02,-5.253391142857095507e-05,-1.548723492857142885e-02,-4.350989211142857610e-02,-7.167194927428571782e-02,-1.022396631428571373e-01,-1.274765018199999767e-01,-1.449882507085714367e-01,-1.558757234742857156e-01,-1.688058037999999594e-01,-1.782362799714285739e-01,-1.833762032857143287e-01,-1.883190697428571425e-01,-1.923966553142857083e-01,-1.990355355428570783e-01,-2.021693638000000015e-01,-2.044266834285714263e-01,-2.052358342857142914e-01,-2.045731682857142020e-01,-2.020620074285714440e-01,-2.026463097142856828e-01,-2.025963925714285851e-01,-1.986612597142857484e-01,-1.948503762857142774e-01,-1.919712608571428614e-01,-1.900784085714285754e-01,-1.826436722857143202e-01,-1.771951948571428292e-01,-1.715550017142857264e-01,-1.648208617142857546e-01,-1.605244231428571700e-01,-1.598760331428571435e-01,-1.639676774000000392e-01,-1.617698667714285443e-01,-1.598547797428571393e-01,-1.607105800285714148e-01,-1.626238137428571429e-01,-1.725151059714285784e-01,-1.844151084285713393e-01,-1.691243863085714338e-01,-9.513928905161289640e-02,-3.763198376399994743e-02,4.985240545454546202e-01,5.565204575000000098e-01,5.629234450000000223e-01,nan,4.234187499999999993e+00
2.764347631771428559e-02,1.321138650857142834e-02,6.449018799999999777e-04,-1.454554956542857339e-02,-4.401539360000000095e-02,-7.187532666285714744e-02,-1.016102385828571014e-01,-1.272826060685714189e-01,-1.477262222628571708e-01,-1.595328191428571352e-01,-1.721305842294285904e-01,-1.815993167714285705e-01,-1.876973834571429300e-01,-1.918465747714285796e-01,-1.951469418285714241e-01,-2.002501349428571220e-01,-2.018577580571428720e-01,-2.024862017142856629e-01,-2.047026497142856727e-01,-2.039573668571428577e-01,-2.019372117142856915e-01,-2.036479399999999995e-01,-2.028039114285714872e-01,-1.982316162857143127e-01,-1.932643351428571521e-01,-1.880541122857142811e-01,-1.861274708571428183e-01,-1.770954674285714348e-01,-1.710460119999999973e-01,-1.696086337142857503e-01,-1.644701277142857077e-01,-1.643987387142857026e-01,-1.636578154285714126e-01,-1.668551854285714453e-01,-1.662799294571429276e-01,-1.627370554571428429e-01,-1.622107370285713890e-01,-1.632271895937142669e-01,-1.762936180142856968e-01,-1.922282630171428808e-01,-1.790525160685714490e-01,-7.561150879310343798e-02,1.537179057181818076e-01,5.067932800000000126e-01,4.842974149999998978e-01,5.483093449999999480e-01,-3.266792299999999871e-01,2.971728160000000063e+00
2.872619619857142564e-02,9.247807094285713167e-03,-4.869188559999999485e-03,-2.215587066285714529e-02,-5.274211354285714137e-02,-8.078504264857140627e-02,-1.076556614385714428e-01,-1.300322393714285762e-01,-1.464540752914285926e-01,-1.589113510885714342e-01,-1.707896635428571286e-01,-1.806921831714285442e-01,-1.878462655714285556e-01,-1.918887550857143187e-01,-1.958620341999999792e-01,-2.010967797714285632e-01,-2.019987922857142959e-01,-2.041338248571428760e-01,-2.041457042857142967e-01,-2.033630374285714248e-01,-2.025521411428571061e-01,-2.032830374285714281e-01,-2.023230411428570963e-01,-1.984815319999999883e-01,-1.941478179999999720e-01,-1.892101828571428057e-01,-1.856384279999999942e-01,-1.775954114285714369e-01,-1.712193079999999590e-01,-1.687787735428571134e-01,-1.643269133999999965e-01,-1.628960749999999735e-01,-1.610036581142857137e-01,-1.623167852000000355e-01,-1.637516562000000397e-01,-1.595549449142856790e-01,-1.609149387142856935e-01,-1.644299107628570955e-01,-1.809945237600000256e-01,-1.502806526771428841e-01,-1.319166266742424487e-01,5.607890877500003313e-02,2.123620846666666728e-01,3.790305466666667455e-01,3.063945850000000526e-01,5.057621199999999817e-01,-2.997894300000000234e-01,1.900490345714285656e+00
2.218933106857143983e-02,2.746799968285714919e-03,-1.072289607428571385e-02,-2.867649614040000336e-02,-5.694383893514285561e-02,-8.238656179428571757e-02,-1.057480947999999699e-01,-1.290860862000000053e-01,-1.446028582330285694e-01,-1.563678202714285370e-01,-1.691429136285714230e-01,-1.785897384857143000e-01,-1.868731906857142855e-01,-1.923215591142856673e-01,-1.964965826857142939e-01,-2.023499623428571537e-01,-2.027988980000000330e-01,-2.030420568571428552e-01,-2.032246179999999958e-01,-2.031413494285714272e-01,-2.022706171428571564e-01,-2.030996051428571314e-01,-2.007563997142857160e-01,-1.983518322857142913e-01,-1.926006857142857076e-01,-1.877240868571428412e-01,-1.827609471428571497e-01,-1.732135228571428376e-01,-1.669267931428571605e-01,-1.659523001428571398e-01,-1.604885646285714174e-01,-1.578944609999999860e-01,-1.551029747714285367e-01,-1.550692960571429246e-01,-1.553373068571428373e-01,-1.531801487142857021e-01,-1.549607412285714247e-01,-1.617479595714285956e-01,-1.872255599714285623e-01,-2.221176149714285675e-01,-7.214117031250004419e-02,1.081298539296296074e-01,1.940813593157894867e-01,4.329925640999999770e-01,7.582435600000000386e-01,4.822120849999999570e-01,nan,9.962371839999999423e-01
1.347678050857142873e-02,-4.210117909142856683e-03,-1.767796116285713995e-02,-3.593804492342858592e-02,-5.989172820864857583e-02,-8.648561802857143710e-02,-1.107818602857142815e-01,-1.305038454142857240e-01,-1.463987077999999720e-01,-1.570062906394285862e-01,-1.685194825714285694e-01,-1.786019464857143135e-01,-1.866810386000000432e-01,-1.923432476285714121e-01,-1.979724332285714428e-01,-2.047109328571428133e-01,-2.060921797142857004e-01,-2.061169220000000080e-01,-2.047355651428571233e-01,-2.047608511428571088e-01,-2.031464717142857090e-01,-2.021012442857142988e-01,-1.998021799999999959e-01,-1.954414368571428529e-01,-1.912540979142857145e-01,-1.866309028571428441e-01,-1.826026922857142687e-01,-1.739456177142857385e-01,-1.677233017142857607e-01,-1.679337641142857329e-01,-1.629111152571428855e-01,-1.580715719142856968e-01,-1.535469052571428461e-01,-1.535343716857142660e-01,-1.535869052571428306e-01,-1.523858208857142849e-01,-1.561207362571428725e-01,-1.641410822857142793e-01,-1.971033371999999784e-01,-1.766519807428571232e-01,-2.149003571612908767e-02,9.050072428518518564e-02,2.227675110000000014e-01,3.487773478111111380e-01,1.305778499999999953e+00,1.145368594999999878e+00,nan,1.240187836000000043e+00
1.699916316571429067e-02,-6.702641008571428791e-03,-2.046225398457142755e-02,-3.948789334285713465e-02,-6.405040152828571365e-02,-9.070554501428571004e-02,-1.125348775885714053e-01,-1.292466292857142596e-01,-1.443132675828571465e-01,-1.554721286571428274e-01,-1.688459127714285746e-01,-1.795530043714286261e-01,-1.878276284285713693e-01,-1.934819897142857070e-01,-1.994207117142857144e-01,-2.042818339999999955e-01,-2.050889157142857799e-01,-2.051051548571428407e-01,-2.029742654285714432e-01,-2.019762314285714344e-01,-1.985858377142857289e-01,-1.985264368571428573e-01,-1.955608922857142995e-01,-1.912877768571428494e-01,-1.869154791714285613e-01,-1.815319605714285078e-01,-1.785562782857142983e-01,-1.705214365714285696e-01,-1.625564577999999705e-01,-1.636429914571428668e-01,-1.564481456571429063e-01,-1.515021189428571724e-01,-1.480930874857143142e-01,-1.466227944857143028e-01,-1.469022484857142874e-01,-1.449887959714285801e-01,-1.489941183999999863e-01,-1.590552192285714372e-01,-1.960575999999999430e-01,-2.359560189696970622e-01,-7.971533606896549773e-02,7.542459799999923567e-04,2.889406482352941397e-01,8.379427499999998474e-01,1.961798677500000032e+00,1.354251899999999953e+00,3.522121399999999625e+00,1.818504330000000113e+00
1.613987520742856882e-02,-6.797790468000001335e-03,-1.953528264285714355e-02,-3.782490314000000464e-02,-6.089226857399999970e-02,-8.849454584285713910e-02,-1.094069345457142767e-01,-1.266725807714285668e-01,-1.413083755714285572e-01,-1.535848335428571521e-01,-1.673137128000000418e-01,-1.781587866000000075e-01,-1.856071472571428904e-01,-1.914259780571428704e-01,-1.963490075714285910e-01,-2.016809735142856552e-01,-2.026259292857142680e-01,-1.999399452285714751e-01,-2.001737319999999931e-01,-2.000305174285713639e-01,-1.974351065714285147e-01,-1.970309655428571782e-01,-1.955657962857142718e-01,-1.897233148857143115e-01,-1.834109710857143027e-01,-1.779541014000000365e-01,-1.754940574285714094e-01,-1.679249355999999638e-01,-1.608723240857143078e-01,-1.606650215999999853e-01,-1.546792160857142773e-01,-1.490805487999999346e-01,-1.439496720571428190e-01,-1.411594932000000135e-01,-1.403841293428571557e-01,-1.377052313714286214e-01,-1.434886386771428157e-01,-1.606416137058823690e-01,-1.935174604117647634e-01,-2.433451411374999707e-01,-2.333273006071431149e-02,9.240295652000000970e-02,2.525806468750000366e-01,1.392143258749999779e+00,1.039592719999999915e+00,7.489376100000000314e+00,5.375387200000000476e+00,1.920306308888888758e+00
1.624101901257142891e-02,-5.545806839999998725e-03,-1.865158076857143313e-02,-3.655362799142856944e-02,-5.825620391571426776e-02,-8.569532135142855778e-02,-1.054336554142856902e-01,-1.225280764857142879e-01,-1.380801618542857323e-01,-1.521799356857142793e-01,-1.661125174285713879e-01,-1.769807009999999348e-01,-1.842763636000000205e-01,-1.908036374857142725e-01,-1.967338556285714302e-01,-2.011007039714285682e-01,-2.010638654571428874e-01,-1.998770576000000188e-01,-2.015193387142857340e-01,-2.013384137142857078e-01,-1.970163617999999839e-01,-1.956872122857142848e-01,-1.956574577142857208e-01,-1.890711102285713985e-01,-1.814963207714286042e-01,-1.747374399999999661e-01,-1.731993546285714169e-01,-1.665072850000000049e-01,-1.575490682000000031e-01,-1.553074431428571323e-01,-1.504741127142857626e-01,-1.417310440857142972e-01,-1.346491123714285976e-01,-1.300602500857142574e-01,-1.281834199428571741e-01,-1.233400617457143106e-01,-1.328762590685714229e-01,-1.529731749705882660e-01,-1.919383998529411994e-01,-2.533915116451612715e-01,4.114972569230768845e-02,2.744369568260869308e-01,4.193743594117645968e-01,6.436131899999999462e-01,1.229526499999999967e+00,5.669719699999999918e+00,4.367179850000000307e+00,2.621153505833333508e+00
1.062088018857143025e-02,-1.037619449885714487e-02,-2.219303672531428712e-02,-4.029312152571427191e-02,-6.170185631428571488e-02,-8.658425502571429067e-02,-1.046793260114285556e-01,-1.195605680857142611e-01,-1.343416488714285761e-01,-1.489168432000000097e-01,-1.596736369142857104e-01,-1.710853576571428614e-01,-1.789721896857142669e-01,-1.843473167714285432e-01,-1.906509403428572058e-01,-1.949702662285714705e-01,-1.974834991428571496e-01,-1.959732057142856143e-01,-1.960774014857143144e-01,-1.968171255714285806e-01,-1.908757888857142704e-01,-1.877646313428571467e-01,-1.859215871142857468e-01,-1.782979687714285610e-01,-1.725432259428571480e-01,-1.666899542285714131e-01,-1.652878896857143398e-01,-1.595339095428571496e-01,-1.515215190000000212e-01,-1.488030568857142688e-01,-1.417084835999999903e-01,-1.321241102285714286e-01,-1.249661038285714287e-01,-1.178172522285714369e-01,-1.118470330514285543e-01,-1.071697778257142686e-01,-1.159393314571428579e-01,-1.381391256942857415e-01,-1.910203868484848799e-01,-1.214776333899999783e-01,4.596938749600003316e-02,3.580795648636364015e-01,3.370478653846153416e-01,4.512214687500000210e-01,1.187034600000000051e+00,4.207862855000000124e+00,4.367500300000000557e+00,3.031304790909091107e+00
8.318220005714284382e-03,-1.289160585171428633e-02,-2.402757924285714095e-02,-4.020843517428571157e-02,-6.027581336571429665e-02,-8.585259588857144242e-02,-1.060104371542856944e-01,-1.197556629799999828e-01,-1.341673716285714246e-01,-1.478292199428571096e-01,-1.577232373142857247e-01,-1.703502111714285949e-01,-1.777861458285713570e-01,-1.828740799428571762e-01,-1.882245746571428180e-01,-1.919936046571428523e-01,-1.947798593428571590e-01,-1.929957797142856923e-01,-1.925008506571428690e-01,-1.916102815142857185e-01,-1.857591902285714303e-01,-1.820631853999999938e-01,-1.813891820857142789e-01,-1.726808823428571393e-01,-1.658003666285714772e-01,-1.606920508857142549e-01,-1.589067739142857039e-01,-1.555948525999999998e-01,-1.486989705142857388e-01,-1.434934343142857394e-01,-1.346032283428571508e-01,-1.242078506857143272e-01,-1.151141564571428744e-01,-1.076372421857142714e-01,-9.780654945142856771e-02,-9.180733858285712590e-02,-1.022265841514285734e-01,-1.254065371742857093e-01,-1.741021093852940793e-01,-1.761318195899999883e-01,-3.139651992727270774e-02,1.647033686666666552e-01,3.642741009090908477e-01,-3.871726750000001327e-02,1.165756199999999909e+00,3.281749749999999910e+00,3.064716355000000281e+00,3.307711035999999716e+00
6.654139821828572963e-03,-8.916691285714286458e-03,-2.217505332000000232e-02,-3.943459622000000664e-02,-6.152343747714286715e-02,-8.849738009142857353e-02,-1.095201770285714193e-01,-1.248384745828571424e-01,-1.380241387514285767e-01,-1.524232045428571547e-01,-1.584435597714285715e-01,-1.709068297999999653e-01,-1.777502875428571549e-01,-1.816385542857142932e-01,-1.864726472857143047e-01,-1.896343777142856790e-01,-1.893396644285713915e-01,-1.860164105142857460e-01,-1.877746589428571644e-01,-1.857101432571428568e-01,-1.791052679428571381e-01,-1.751015803714285612e-01,-1.762447911428571268e-01,-1.685336518857142862e-01,-1.624137884000000087e-01,-1.588005058285714421e-01,-1.567657475142857360e-01,-1.519714363142857239e-01,-1.426555087999999971e-01,-1.353614806857142971e-01,-1.255447389428571703e-01,-1.145890370571428368e-01,-1.055321831057143001e-01,-9.586072642857143555e-02,-8.095550454114286421e-02,-6.885659338000001128e-02,-7.916935533799999980e-02,-1.003046594058823598e-01,-1.495047805374999927e-01,-1.258455013107142861e-01,-7.684058911999999686e-02,1.101249667799999721e-01,6.017995538571427883e-01,7.628733266666666291e-01,nan,nan,4.531799300000000308e+00,3.273646028333332847e+00
1.139918735142857013e-02,-3.539929911428572624e-03,-1.727796276285714291e-02,-3.355015348571429440e-02,-5.779778617685715769e-02,-8.382023408571431800e-02,-1.064223161428571734e-01,-1.231370105714285901e-01,-1.366008211714285769e-01,-1.517353602285714254e-01,-1.589997430571428727e-01,-1.705193652285714179e-01,-1.752394538000000002e-01,-1.794938222285714091e-01,-1.843310750857143354e-01,-1.854101998571428545e-01,-1.834918434285713884e-01,-1.790507725428572006e-01,-1.823189872857142735e-01,-1.786926269428570913e-01,-1.725672046285714467e-01,-1.663168766857142933e-01,-1.675991602857143103e-01,-1.633359636285714456e-01,-1.575173509999999999e-01,-1.555172515142857204e-01,-1.523615147428571404e-01,-1.489055090571428652e-01,-1.380662105714285659e-01,-1.292482641714285396e-01,-1.176134380857142975e-01,-1.058655868885714363e-01,-9.246117713428569918e-02,-7.978962446857140733e-02,-6.477399520000000355e-02,-5.302363817999999895e-02,-5.794536056571428229e-02,-7.695052150000000757e-02,-1.241625543937499992e-01,-1.051827823035714343e-01,-4.140613052631580970e-02,4.561110325384615805e-01,5.730830599999999775e-01,8.121786075000000382e-01,3.182281515000000116e+00,5.026489249999999132e+00,3.810961400000000054e+00,3.373156726999999133e+00
4.078674322857141210e-03,-9.530530677142854540e-03,-1.984187521828571429e-02,-3.186656408628571469e-02,-5.501349281999999563e-02,-7.755726408285711082e-02,-1.015204290914285684e-01,-1.195751743999999978e-01,-1.326786588314286253e-01,-1.490286685714285742e-01,-1.546807425428571581e-01,-1.643852227714286129e-01,-1.694795884285714982e-01,-1.731167379714285415e-01,-1.771750312000000271e-01,-1.782248364000000029e-01,-1.766602656285714279e-01,-1.758662636857142858e-01,-1.805745809142857150e-01,-1.771624970571428759e-01,-1.736329207999999791e-01,-1.691030227714285239e-01,-1.670231412000000581e-01,-1.604228427714285699e-01,-1.534129550571428635e-01,-1.480014257885714224e-01,-1.424771990571428726e-01,-1.394527980857142857e-01,-1.274836950314285899e-01,-1.175687518000000098e-01,-1.076261250285714122e-01,-9.716655150571427979e-02,-8.480028503999997858e-02,-6.955272140914285639e-02,-5.130310061428571683e-02,-3.669444454285715473e-02,-3.742512325714286020e-02,-4.756714247058823480e-02,-9.080529920967742030e-02,-6.158740621153845768e-02,5.862647489473684498e-02,4.112866659999999119e-01,7.530254833333335229e-01,5.094055199999999450e-01,9.781017400000000528e-01,1.809984199999999932e+00,1.915329000000000059e+00,3.930231101666666671e+00
5.769021362857145417e-03,-7.460349081428569416e-03,-1.915479398857143287e-02,-3.276149223828571377e-02,-5.818797546571428253e-02,-7.854537944285716611e-02,-1.040557863142856920e-01,-1.251713339628571231e-01,-1.385625566571428713e-01,-1.499929159428571579e-01,-1.537753514000000099e-01,-1.620844162571428437e-01,-1.655526296285714238e-01,-1.653118679142857594e-01,-1.661243987999999894e-01,-1.674749099142856801e-01,-1.624362391142857021e-01,-1.604433325142857192e-01,-1.622591284857142768e-01,-1.598229542857142749e-01,-1.566644944571428388e-01,-1.513692578942857081e-01,-1.512190688142856509e-01,-1.514543806371428658e-01,-1.471015935314285705e-01,-1.422576898799999823e-01,-1.362208774571428693e-01,-1.342490049428571586e-01,-1.207157677714285615e-01,-1.096149996857142817e-01,-9.529724170285712448e-02,-7.985403915142857967e-02,-6.873245238285714820e-02,-5.184773074857144254e-02,-3.289260846000000710e-02,-1.487110619142857290e-02,-5.354526514285714786e-03,-1.068485165757575815e-02,-6.635352553571430279e-02,-1.167163849999999919e-01,1.318271838235294258e-01,2.319180629999999799e-01,4.165382336250000317e-01,4.459808379999999906e-01,2.466045400000000054e+00,2.551971399999999779e+00,2.895221700000000009e+00,3.522686760000000028e+00
7.709720945714285296e-03,2.621677974285712212e-03,-1.463110768571428653e-02,-3.102220787142856775e-02,-5.612825681171427356e-02,-7.818712535428570809e-02,-1.056623189142856939e-01,-1.275721961714285646e-01,-1.402450562285714464e-01,-1.477306906571428102e-01,-1.481390815714285769e-01,-1.542685367428571486e-01,-1.576605665428571224e-01,-1.572211137714285556e-01,-1.602964118857142795e-01,-1.623239782285714472e-01,-1.579982202571428573e-01,-1.549948558857143222e-01,-1.552861894285714472e-01,-1.515654424571428460e-01,-1.491384231428571072e-01,-1.455199105999999964e-01,-1.439173014857142441e-01,-1.473279686571428437e-01,-1.433177404285713719e-01,-1.390367783714285821e-01,-1.332041058571428460e-01,-1.303024290285714482e-01,-1.168378554857143203e-01,-1.038531708400000225e-01,-8.636856070285715836e-02,-7.247554186000000620e-02,-5.785587854571428573e-02,-3.700539715142856650e-02,-1.652450605514284993e-02,1.913234371428571478e-03,1.814259161714285723e-02,2.073371407187499238e-02,-1.887722718965517341e-02,-4.352250499999998218e-03,1.154070485333333479e-01,-3.846166966666656698e-03,2.321961744999999910e-01,-1.391474333333331259e-02,2.456573500000000188e+00,2.356178299999999837e+00,nan,3.707741858571428573e+00
7.138606582857144091e-03,-3.091648600000000430e-03,-2.180317472571429230e-02,-3.461619768714285089e-02,-5.822470510000000293e-02,-7.820946805999998142e-02,-1.034528456728571466e-01,-1.265476776257143110e-01,-1.388134550571428205e-01,-1.444929938885714527e-01,-1.450072144571428467e-01,-1.496782570000000367e-01,-1.505441927714286088e-01,-1.481422416857142710e-01,-1.492091589999999801e-01,-1.469916215428571926e-01,-1.390267512000000205e-01,-1.376531328571428403e-01,-1.358147758285714324e-01,-1.344949985685714444e-01,-1.356250211485714452e-01,-1.365191875428571622e-01,-1.370846331857143163e-01,-1.427157815228571047e-01,-1.401791158628571399e-01,-1.375246320857142768e-01,-1.343945101171428180e-01,-1.298876078285714497e-01,-1.144732882097142940e-01,-9.886005960571431217e-02,-8.079136440548573272e-02,-6.536908787485713745e-02,-4.951967512114286568e-02,-2.629187405714285622e-02,-5.735015928571426773e-03,1.767011380114285810e-02,3.588354911428572047e-02,4.393201945606060865e-02,6.680897978571425158e-03,-5.746026472727272516e-02,7.503687733333334886e-02,1.445189611111111216e-01,2.204284659999997814e-02,-2.452812199999999943e-01,2.356700899999999876e+00,2.252349900000000016e+00,nan,3.184788596666666916e+00
2.165145874571428389e-02,7.844870617142856231e-03,-1.416222725428571173e-02,-2.651639661085714028e-02,-5.034920816285714390e-02,-7.303434142857144484e-02,-1.008640832857142927e-01,-1.242013111502857231e-01,-1.354859493142857307e-01,-1.391565600571428585e-01,-1.398672918857142844e-01,-1.418327329714285656e-01,-1.374482289314286065e-01,-1.320800779228571420e-01,-1.302626476857142723e-01,-1.272875105999999867e-01,-1.235556464274857325e-01,-1.235894333828571195e-01,-1.228330336714285875e-01,-1.254619049542857467e-01,-1.295575819428571585e-01,-1.342274260799999896e-01,-1.334474838228571769e-01,-1.430621555942857559e-01,-1.418412343571428258e-01,-1.359446932342857073e-01,-1.330036707657142880e-01,-1.306986127914285534e-01,-1.161977497428571537e-01,-9.532928509428571784e-02,-7.551040616857142285e-02,-5.914524618742855733e-02,-4.180951793999999888e-02,-1.372626165714285404e-02,8.152552942857141730e-03,3.134198918857142996e-02,5.385066557371429030e-02,6.836053056363637637e-02,4.142112662666665168e-02,-1.980045869999999542e-02,7.908045290666666782e-02,1.307697265999999969e-01,3.680801239999999946e-02,-1.709804550000000034e-01,nan,4.478302000000000227e+00,2.606544500000000042e+00,3.295298766999999796e+00
2.102377749142857188e-02,8.039202179999998046e-03,-1.267503994571428719e-02,-2.447869434857142742e-02,-4.834049743000000399e-02,-6.526641827428571185e-02,-8.693520625714286354e-02,-1.144752499571428522e-01,-1.269682752857142771e-01,-1.261029928468571371e-01,-1.229510720971428855e-01,-1.280314849131428401e-01,-1.245836528228571605e-01,-1.188912528780000089e-01,-1.162692475428571542e-01,-1.059366494514285828e-01,-1.029619487714285436e-01,-1.049437385057142985e-01,-1.037799285657142745e-01,-1.081253052514285634e-01,-1.191038939428571419e-01,-1.302913126114285947e-01,-1.321049280045714092e-01,-1.431991583314285443e-01,-1.446669441914285592e-01,-1.382723130228571129e-01,-1.327674870371428617e-01,-1.275219513320000053e-01,-1.160494121400000023e-01,-9.134161844571431210e-02,-6.735425684085714904e-02,-4.963051932857142495e-02,-3.319604048571429128e-02,-6.564222217142854678e-03,1.474696548285714393e-02,3.502153685714286258e-02,6.254773811799999028e-02,7.607224398235294671e-02,5.875613056333334888e-02,8.798547281818182297e-02,-8.316756137499995566e-03,1.433147876666666376e-01,3.088483863750000058e-01,1.296733859999999794e+00,2.507406220000000019e+00,3.469640749999999940e+00,2.487316100000000141e+00,5.332735956363635843e+00
3.881639781714285586e-02,1.998160199714285601e-02,-5.284990599999989840e-04,-1.960645400285715087e-02,-3.394677291428570970e-02,-4.690148492857142137e-02,-6.047864665714285798e-02,-6.137619063085715532e-02,-9.805646628285713540e-02,-1.031354627428571341e-01,-1.064241682028571473e-01,-1.102397375497142507e-01,-1.055329454571428821e-01,-1.024520867228571469e-01,-9.396286054857143355e-02,-8.290318045142858194e-02,-7.584228471428573759e-02,-8.157686532285714220e-02,-8.658490873428573154e-02,-9.871030568571430297e-02,-1.150911605714285968e-01,-1.279866898257142616e-01,-1.333118985714285831e-01,-1.465933664000000081e-01,-1.483973909371428535e-01,-1.404282703771428664e-01,-1.351535253714285789e-01,-1.253949851371428670e-01,-1.148349217057142990e-01,-9.027677275714286742e-02,-6.459971832285711646e-02,-4.557069997142858264e-02,-2.832532654857142923e-02,-7.936752057142893325e-04,1.881147124285714387e-02,3.668452689599999150e-02,6.058905444571429516e-02,6.036119054705883086e-02,4.160092574999998960e-02,8.536377014999999013e-02,1.308520212928571402e-01,7.668600633333334804e-02,6.781749719999999870e-01,1.015301824142857301e+00,2.068192804666666884e+00,2.190744399999999814e+00,2.208950049999999887e+00,2.334438006666666343e+00
4.676241189599998627e-02,3.137468641999999891e-02,8.334786688571429319e-03,-7.358659862857140806e-03,-1.783676104571428611e-02,-1.978672571714285705e-02,-2.611127561142857073e-02,-1.579568071714285496e-02,-5.677708194285713966e-02,-5.013972679142857103e-02,-5.289448400000001244e-02,-6.327950594285713937e-02,-5.594449705714284876e-02,-5.314777968857143514e-02,-8.311157224857142201e-02,-7.036339911428572680e-02,-6.539808004571429079e-02,-7.240567900571427684e-02,-8.260083883714286479e-02,-1.008196154000000205e-01,-1.093548369714285734e-01,-1.262458808199999616e-01,-1.341575623371428216e-01,-1.447666716485714322e-01,-1.449627465685714434e-01,-1.353600639914286086e-01,-1.282029287857142930e-01,-1.198762073285714325e-01,-1.040851044457142965e-01,-8.248443603999999763e-02,-5.851222454285714275e-02,-3.764125260285716007e-02,-2.085004531142856110e-02,2.874538065714284107e-03,1.658357891428571471e-02,4.053508229742857488e-02,8.573040594285716645e-03,1.059864640000000857e-02,5.871861717433333322e-02,8.653567910476191172e-02,1.633722936000000237e-01,3.502728120000000445e-01,2.760591533749999771e-01,8.352789888750000724e-01,9.025339285714285564e-01,1.984343233333333290e+00,1.785649639999999927e+00,2.278157100000000046e+00
4.376918271828571239e-02,1.876340631314286217e-02,4.145595068571431702e-03,-8.724975766857144890e-03,-8.585902628571430439e-03,-6.085859051428571358e-03,-1.193629686000000079e-02,1.292202142857140721e-03,-2.156938674285713373e-03,-7.604544694285715264e-03,3.855024657142854753e-03,4.978070128571429782e-03,-1.056093508857143017e-02,-2.012547102857143236e-02,-2.599563641428571589e-02,-2.827115766285714232e-02,-3.046122916571428543e-02,-4.172679316571428765e-02,-7.321003554000002356e-02,-9.537625962857140816e-02,-1.091196329971428486e-01,-1.262198319177142980e-01,-1.269498555428571485e-01,-1.382913864685714478e-01,-1.328242709057143034e-01,-1.241837633457142792e-01,-1.193202433714286026e-01,-1.110788626731428336e-01,-9.476841534285716795e-02,-7.609601734857140976e-02,-5.550678802571428622e-02,-3.280933937171429116e-02,-1.236942886571429367e-02,1.022186268571428219e-02,2.416719743142857132e-02,-5.188423722857146703e-03,-4.572830520857143477e-02,-4.895531632571430841e-02,-3.012296937037035882e-02,1.537146123499999739e-01,2.892197514166666705e-01,3.027387410071428198e-01,4.800106372727272475e-01,1.292669684999999902e+00,8.273385300000000164e-01,1.796259875000000061e+00,1.778980275000000111e+00,1.726454158666666627e+00
3.427352892857143257e-02,5.997576562857143828e-03,-5.269732005142853219e-03,-1.402903997142856962e-02,-1.251602203142857146e-02,-3.314972202857141472e-03,1.468342427714285775e-02,2.836576182571428836e-02,3.002995157857142605e-02,2.702538589228571306e-02,4.708600680000001037e-02,2.535683768571429450e-02,3.097250811714285720e-02,2.178366448685713913e-02,9.366934982857145001e-03,2.047478805428571899e-02,1.340375642857142939e-02,2.491535714285690725e-04,-1.508854429428571620e-02,-6.038524068571426984e-02,-6.449715790857143971e-02,-8.491614157999999302e-02,-8.837454668571427530e-02,-1.058856410057142788e-01,-1.147547036542857363e-01,-1.181405203085714173e-01,-1.083359854000000289e-01,-4.129213536285714775e-02,-7.980837151771429105e-02,-1.589714983714286128e-02,-5.432837359142857897e-02,-2.493035539714285112e-02,-5.152348585714288873e-03,1.468996378571428042e-02,2.986788011428571574e-02,-5.627594071257142894e-02,1.360026860285713617e-02,-4.243033411428572682e-02,-2.522106786206896115e-02,1.052719156000000295e-02,1.826371286954545370e-01,1.546482553888889055e-01,4.534476139285714136e-01,6.322247500000000020e-01,9.288471871428571891e-01,1.743120580000000031e+00,1.360525937142857078e+00,1.957002937368421014e+00
7.212480755714285874e-02,5.078997714285725211e-04,8.278454338235291532e-03,-2.702823529411793190e-04,5.911243566764706053e-02,7.183434483999999454e-02,9.389332457142857136e-02,3.689782308571428610e-02,3.689760447600000381e-02,3.984058911428570854e-02,5.453948925714286605e-02,4.821602954000001051e-02,5.946622560742857028e-02,7.377199461142855408e-02,7.987801622285711778e-02,9.253387449428572553e-02,6.299907163428572487e-02,4.317223680000000646e-02,4.378585773999999625e-02,-1.744025073999999967e-02,-3.277838588371428247e-02,-4.750398908571428630e-02,-4.044941513428572388e-02,-7.902973700000001656e-02,-9.571097217428573001e-02,-8.579319604857145454e-02,-8.256530742571430159e-02,-2.363510231142856854e-02,-6.995675184428572224e-02,-1.943425982857137184e-03,-3.096466054285713920e-02,-7.434517639999992100e-03,6.929996925714282906e-03,2.813982311428571761e-02,1.086438870342857216e-01,-3.644332708571428742e-02,-9.159323747941178206e-02,-5.991770424666666151e-02,-8.594147929032260741e-03,7.786001474285712820e-02,2.466935732040000384e-01,1.886263417368421458e-01,4.775705955999999808e-01,5.635092593571427999e-01,7.042976490000001366e-01,1.006425855000000036e+00,1.496620181428571561e+00,1.333957875789473668e+00
4.529963889142855915e-02,2.542048720000000817e-02,2.238224637714284967e-02,-1.987872387058823090e-02,3.706371238794118478e-02,5.631626713714284888e-02,7.309766485714284945e-02,2.087587670571429063e-02,3.149762844485715085e-02,2.390158514285714575e-02,6.403950279999999495e-02,5.899527395399999097e-02,5.587921136485714951e-02,7.719028998571431099e-02,8.042449952571427418e-02,8.710021973428572206e-02,7.519433131428572559e-02,3.418960580000000166e-02,4.540710414857142968e-02,1.492658346285713825e-02,-1.443230771142856722e-02,-2.652304496285713686e-02,-3.596365784857143144e-02,-6.401279991657142510e-02,-7.733197842857142401e-02,-2.921774722285714124e-02,-2.647934053714285502e-02,-2.122704676857142120e-02,-6.153182983999998246e-02,-3.233555548571430838e-03,-4.114837640000000574e-02,-1.647742036571428828e-02,-6.050142714285715317e-02,6.751698050857143918e-02,8.467243625428573506e-02,-1.458958999999992968e-03,-1.061023151714285823e-01,-6.580038626470588459e-02,1.140501933333333377e-02,2.242656024294117922e-01,4.239556119774193221e-01,4.938806785000000033e-01,6.235543827999999733e-01,2.893049837826086601e-01,4.977368894782608355e-01,8.239767746956521144e-01,9.224751246818182482e-01,1.204542157633333277e+00
